4.260000000000001,1,2,3
4.359999999999999,1,2,4
4.404999999999999,1,3,4
4.16,1,2,5
4.245000000000003,2,3,4
5.98,1,3,5
4.070000000000002,1,2,6
3.9800000000000004,2,3,5
4.374999999999998,1,4,5
4.024999999999999,1,3,6
4.269999999999994,1,2,7
4.020000000000001,2,4,5
4.669999999999998,2,3,6
4.529999999999999,1,4,6
3.710000000000001,1,3,7
3.280000000000001,1,2,8
4.135,3,4,5
4.155,2,4,6
4.1,1,5,6
4.76,2,3,7
4.259999999999996,1,4,7
4.100000000000005,1,3,8
3.755000000000001,1,2,9
4.494999999999999,3,4,6
4.214999999999998,2,5,6
3.7150000000000016,2,4,7
5.309999999999999,1,5,7
4.185000000000004,2,3,8
3.830000000000002,1,4,8
3.4049999999999976,1,3,9
4.355,1,2,10
3.5049999999999972,3,4,7
3.5900000000000016,3,5,6
4.955000000000002,2,5,7
5.884999999999998,1,6,7
3.8749999999999964,1,2,11
4.365000000000004,2,4,8
5.055000000000003,1,5,8
4.5799999999999965,2,3,9
4.3749999999999964,1,4,9
4.709999999999999,1,3,10
4.879999999999999,2,6,7
4.249999999999998,4,5,6
3.91,1,4,10
3.1199999999999974,3,5,7
3.724999999999998,3,4,8
4.870000000000001,1,3,11
4.405000000000001,2,5,8
4.170000000000007,1,6,8
4.0649999999999995,2,4,9
5.3100000000000005,1,5,9
4.489999999999998,2,3,10
4.3799999999999955,1,2,12
5.320000000000004,1,7,8
4.560000000000002,4,5,7
4.574999999999996,1,3,12
3.745000000000001,3,6,7
3.4999999999999982,1,2,13
5.120000000000001,3,5,8
4.215,2,6,8
4.4350000000000005,3,4,9
6.074999999999999,1,5,10
4.040000000000003,2,5,9
3.99,2,3,11
4.814999999999998,1,6,9
4.439999999999996,1,4,11
4.579999999999999,2,4,10
5.080000000000002,3,6,8
5.0600000000000005,4,6,7
3.6700000000000017,4,5,8
3.1400000000000023,2,4,11
5.655000000000001,1,5,11
4.620000000000001,2,7,8
5.265000000000002,1,6,10
4.514999999999992,1,4,12
4.939999999999998,3,5,9
4.529999999999998,2,6,9
3.479999999999997,1,7,9
4.470000000000001,3,4,10
4.235,2,5,10
4.505000000000001,2,3,12
4.439999999999998,1,2,14
5.335000000000001,1,3,13
3.8549999999999986,4,6,8
4.024999999999995,5,6,7
3.6850000000000023,2,5,11
4.285000000000002,3,4,11
3.6850000000000023,1,2,15
4.449999999999999,2,4,12
4.609999999999998,1,4,13
4.120000000000001,3,7,8
5.329999999999995,1,5,12
4.104999999999999,4,5,9
4.220000000000001,2,3,13
4.41,3,6,9
4.535,2,7,9
3.745000000000008,1,8,9
4.33,3,5,10
4.314999999999998,1,7,10
5.569999999999997,1,6,11
4.340000000000002,2,6,10
4.554999999999996,1,3,14
4.445000000000007,3,5,11
4.384999999999998,5,6,8
4.200000000000003,4,7,8
5.249999999999995,4,6,9
2.354999999999997,3,7,9
4.234999999999998,3,4,12
4.245000000000001,2,8,9
4.685,4,5,10
4.1999999999999975,2,3,14
4.299999999999996,16,1,2
2.6000000000000068,1,3,15
5.609999999999996,1,6,12
4.41,2,4,13
4.515000000000001,3,6,10
5.524999999999999,1,5,13
4.384999999999996,1,4,14
4.604999999999997,2,5,12
4.410000000000004,2,7,10
5.279999999999994,1,7,11
5.425000000000006,1,8,10
3.599999999999998,2,6,11
4.830000000000005,1,9,10
6.345000000000002,5,7,8
4.564999999999998,5,6,9
4.585000000000001,2,6,12
3.780000000000003,1,4,15
4.904999999999998,3,5,12
4.705000000000002,4,7,9
4.3149999999999995,2,5,13
3.9450000000000003,3,8,9
4.070000000000004,2,3,15
4.855000000000002,16,1,3
5.234999999999999,1,8,11
4.695,4,6,10
3.9750000000000014,3,7,10
3.8900000000000006,2,7,11
4.49499999999999,1,7,12
4.029999999999998,2,4,14
4.359999999999999,2,8,10
3.7100000000000044,3,6,11
4.02,3,4,13
4.944999999999997,1,5,14
4.224999999999998,4,5,11
3.3150000000000013,1,6,13
5.524999999999995,5,6,10
2.349999999999998,6,7,8
4.800000000000001,3,6,12
4.279999999999998,2,6,13
5.359999999999999,16,2,3
5.85,3,5,13
3.424999999999997,5,7,9
3.6849999999999987,4,8,9
4.114999999999995,4,5,12
4.395000000000001,4,7,10
5.6850000000000005,3,8,10
3.8150000000000013,2,8,11
2.780000000000003,1,5,15
6.264999999999995,1,6,14
4.319999999999997,2,9,10
4.299999999999997,4,6,11
3.9750000000000014,2,5,14
4.804999999999996,1,9,11
3.7150000000000007,2,4,15
5.110000000000003,2,7,12
3.4150000000000027,3,7,11
5.074999999999999,1,8,12
4.794999999999998,16,1,4
2.715,1,7,13
3.735000000000001,3,4,14
6.044999999999996,5,7,10
-0.48999999999999844,6,7,9
5.100000000000001,5,8,9
4.310000000000002,3,5,14
3.530000000000001,2,5,15
3.5550000000000015,3,4,15
4.640000000000001,4,6,12
3.9400000000000013,3,6,13
4.095000000000002,2,7,13
5.4050000000000065,1,8,13
4.034999999999998,4,8,10
5.240000000000002,3,9,10
3.644999999999996,5,6,11
4.380000000000003,4,5,13
5.279999999999998,2,6,14
5.909999999999993,1,9,12
4.065000000000001,4,7,11
5.415000000000006,3,8,11
4.889999999999999,16,1,5
4.335000000000001,2,8,12
4.479999999999997,1,6,15
3.5399999999999956,2,9,11
5.830000000000002,1,10,11
5.339999999999993,1,7,14
4.759999999999999,16,2,4
3.904999999999994,3,7,12
3.2799999999999976,6,8,9
2.3400000000000034,6,7,10
4.215,2,9,12
4.314999999999998,2,7,14
3.5549999999999997,4,5,14
5.990000000000002,3,6,14
6.715,5,8,10
4.404999999999998,4,9,10
3.0650000000000013,1,9,13
5.184999999999997,16,1,6
5.429999999999996,1,10,12
4.470000000000002,5,7,11
3.710000000000001,4,8,11
5.475000000000001,3,8,12
2.8850000000000016,3,7,13
5.060000000000002,16,3,4
4.395,4,7,12
2.5850000000000026,3,5,15
5.285,1,8,14
2.5049999999999955,1,7,15
3.955000000000002,2,6,15
4.069999999999999,16,2,5
4.629999999999999,4,6,13
4.520000000000003,2,8,13
2.8749999999999964,3,9,11
4.064999999999998,2,10,11
4.919999999999995,5,6,12
6.130000000000001,5,9,10
4.084999999999994,6,8,10
0.6600000000000037,7,8,9
2.75,6,7,11
4.239999999999998,2,8,14
5.59,16,3,5
6.234999999999999,5,8,11
3.719999999999999,2,9,13
4.224999999999998,4,9,11
4.744999999999999,2,10,12
5.0049999999999955,3,9,12
4.695000000000004,4,7,13
5.845000000000004,3,8,13
4.324999999999996,16,1,7
6.859999999999996,1,9,14
5.004999999999997,16,2,6
3.6200000000000045,3,10,11
5.620000000000001,1,11,12
3.455000000000002,3,7,14
3.7149999999999963,5,6,13
4.329999999999998,5,7,12
3.4849999999999994,4,8,12
4.379999999999997,4,6,14
3.0650000000000013,1,8,15
3.365000000000002,4,5,15
4.040000000000003,2,7,15
3.860000000000001,1,10,13
3.0400000000000027,3,6,15
3.919999999999998,6,8,11
4.010000000000002,7,8,10
5.954999999999995,6,9,10
4.204999999999998,5,9,11
4.165000000000001,4,6,15
6.390000000000001,16,3,6
4.124999999999993,4,10,11
4.959999999999997,2,9,14
4.114999999999998,16,2,7
4.070000000000002,4,8,13
3.59,3,9,13
5.265000000000001,3,8,14
5.419999999999998,1,10,14
5.520000000000003,1,11,13
1.745000000000001,6,7,12
3.759999999999998,2,11,12
3.7849999999999984,2,10,13
6.215,5,8,12
4.075000000000003,1,9,15
4.33,16,1,8
4.104999999999997,4,9,12
4.305000000000001,16,4,5
5.93,3,10,12
4.32,5,7,13
-0.6899999999999977,3,7,15
4.929999999999996,5,6,14
3.224999999999998,4,7,14
3.7850000000000037,2,8,15
0.035000000000003695,7,8,11
4.314999999999998,7,9,10
2.289999999999999,6,9,11
3.0050000000000026,3,8,15
3.625,2,9,15
5.774999999999995,5,10,11
4.974999999999998,6,8,12
4.384999999999998,4,9,13
4.149999999999999,5,7,14
2.7950000000000017,1,10,15
6.329999999999998,5,9,12
5.544999999999998,16,4,6
3.860000000000003,4,7,15
7.180000000000003,5,8,13
4.544999999999998,16,2,8
2.7949999999999946,1,12,13
5.414999999999999,4,10,12
5.004999999999999,16,1,9
5.529999999999998,1,11,14
3.5900000000000034,3,11,12
3.2549999999999955,4,8,14
4.329999999999995,2,10,14
3.9200000000000017,3,10,13
4.825000000000003,16,3,7
6.150000000000002,3,9,14
2.6449999999999996,5,6,15
4.009999999999998,2,11,13
1.4100000000000001,6,7,13
-0.6499999999999986,7,9,11
5.255000000000006,8,9,10
3.92,16,4,7
3.0049999999999955,6,10,11
3.655000000000001,3,10,14
6.909999999999997,1,12,14
3.5850000000000044,3,11,13
6.234999999999999,5,8,14
4.640000000000001,7,8,12
3.0600000000000005,4,8,15
2.460000000000001,3,9,15
5.029999999999998,16,2,9
4.539999999999996,4,9,14
3.669999999999998,6,9,12
5.754999999999997,5,10,12
3.639999999999997,4,10,13
3.9699999999999953,16,5,6
5.615000000000002,6,7,14
5.5350000000000055,16,3,8
4.085000000000004,4,11,12
3.259999999999998,2,12,13
3.4599999999999973,2,11,14
4.339999999999998,2,10,15
4.029999999999998,6,8,13
4.994999999999997,5,9,13
5.1750000000000025,16,1,10
1.9450000000000003,5,7,15
4.089999999999996,1,11,15
6.960000000000001,6,10,12
2.79999999999999,7,9,12
2.2150000000000034,8,9,11
4.760000000000005,3,11,14
1.1999999999999993,6,7,15
4.344999999999997,16,2,10
4.109999999999998,16,4,8
5.074999999999999,1,13,14
3.974999999999998,7,10,11
4.799999999999994,1,12,15
4.345000000000002,5,11,12
3.094999999999999,4,9,15
3.8299999999999983,16,5,7
5.725000000000005,7,8,13
4.049999999999994,6,9,13
3.1650000000000027,5,8,15
4.7499999999999964,2,12,14
5.5749999999999975,5,10,13
6.314999999999998,5,9,14
6.3799999999999955,6,8,14
1.9050000000000011,3,10,15
3.360000000000003,2,11,15
3.7899999999999956,4,10,14
3.6750000000000007,16,1,11
4.734999999999999,4,11,13
5.340000000000003,16,3,9
3.6449999999999996,3,12,13
4.385000000000005,6,10,13
7.165000000000003,8,10,11
5.805,16,1,12
3.3450000000000024,8,9,12
4.099999999999998,7,10,12
2.520000000000003,6,11,12
3.4349999999999987,4,11,14
4.355,2,13,14
2.8299999999999983,6,8,15
4.420000000000005,16,6,7
2.0400000000000063,7,9,13
3.5549999999999997,4,10,15
3.524999999999995,16,2,11
6.085000000000001,3,12,14
3.6649999999999956,1,13,15
5.919999999999998,5,11,13
4.754999999999999,16,4,9
3.9549999999999983,4,12,13
1.7349999999999959,5,9,15
4.605,2,12,15
5.93,16,3,10
2.4649999999999963,7,8,14
4.359999999999999,16,5,8
5.559999999999999,5,10,14
2.2100000000000044,3,11,15
7.34,6,9,14
0.7900000000000063,7,11,12
3.5299999999999976,9,10,11
4.615000000000002,8,10,12
3.4350000000000023,4,11,15
3.3150000000000013,3,12,15
4.524999999999999,16,5,9
4.9549999999999965,16,4,10
5.884999999999998,8,9,13
5.085000000000001,5,11,14
0.10000000000000142,7,8,15
0.43499999999999517,6,9,15
4.380000000000003,7,10,13
5.035000000000004,2,13,15
4.6850000000000005,16,2,12
2.4449999999999967,5,10,15
3.5150000000000006,16,1,13
1.1599999999999966,6,11,13
6.350000000000005,3,13,14
4.584999999999997,5,12,13
4.039999999999996,4,12,14
4.599999999999994,1,14,15
4.355,16,3,11
4.105,16,6,8
2.09,7,9,14
5.164999999999999,6,10,14
6.550000000000004,8,10,13
5.41,9,10,12
3.8249999999999993,4,12,15
6.260000000000002,16,1,14
4.809999999999999,16,7,8
4.914999999999994,16,5,10
4.439999999999998,4,13,14
4.479999999999993,16,4,11
5.585000000000004,8,11,12
6.925000000000001,16,3,12
1.7850000000000037,7,11,13
3.5150000000000006,6,12,13
0.5450000000000017,7,9,15
1.730000000000004,5,11,15
4.5899999999999945,16,2,13
5.275000000000006,8,9,14
3.2899999999999956,7,10,14
7.524999999999999,6,11,14
5.870000000000001,16,6,9
4.700000000000003,3,13,15
4.454999999999998,2,14,15
0.9100000000000001,6,10,15
6.109999999999999,5,12,14
5.814999999999998,9,10,13
5.800000000000001,8,11,13
2.1399999999999935,9,11,12
2.9499999999999957,7,12,13
0.5899999999999999,7,10,15
5.02,16,4,12
2.7149999999999963,16,5,11
5.7450000000000045,8,10,14
5.479999999999999,16,3,13
1.879999999999999,6,11,15
5.529999999999998,4,13,15
5.08,16,6,10
4.704999999999995,16,2,14
4.094999999999992,7,11,14
2.3049999999999997,5,12,15
3.1500000000000004,16,1,15
7.239999999999998,6,12,14
7.07,5,13,14
1.9750000000000014,8,9,15
2.924999999999997,3,14,15
3.389999999999997,16,7,9
6.395,9,10,14
4.779999999999998,10,11,12
1.4449999999999932,9,11,13
2.0749999999999993,6,12,15
4.929999999999996,16,5,12
3.0749999999999993,4,14,15
4.7499999999999964,16,7,10
5.370000000000001,8,12,13
4.4599999999999955,16,4,13
3.814999999999996,16,2,15
6.900000000000002,16,3,14
3.5000000000000036,8,11,14
3.0850000000000044,16,8,9
4.1549999999999905,7,12,14
5.539999999999996,6,13,14
1.6650000000000027,8,10,15
1.0400000000000027,7,11,15
3.6599999999999966,16,6,11
3.3049999999999997,5,13,15
1.5250000000000021,5,14,15
2.559999999999995,9,11,14
2.9250000000000007,10,11,13
3.929999999999996,9,12,13
4.664999999999999,16,4,14
3.860000000000003,16,8,10
5.495000000000001,16,6,12
3.7650000000000023,16,3,15
4.394999999999994,16,5,13
5.300000000000004,8,12,14
2.6299999999999955,16,7,11
1.1950000000000003,7,13,14
0.8650000000000055,9,10,15
1.8949999999999996,8,11,15
1.2899999999999991,7,12,15
4.224999999999998,6,13,15
4.159999999999997,6,14,15
4.544999999999995,10,11,14
5.580000000000002,10,12,13
3.8299999999999983,16,4,15
3.919999999999998,16,7,12
5.459999999999997,16,5,14
4.829999999999995,16,6,13
9.41,9,12,14
7.784999999999997,8,13,14
-1.3999999999999986,9,11,15
4.440000000000005,8,12,15
2.474999999999998,16,8,11
1.8050000000000068,7,13,15
5.520000000000003,16,9,10
8.415,8,13,15
1.9099999999999966,11,12,13
4.705000000000002,10,12,14
8.295000000000002,9,13,14
1.889999999999997,10,11,15
0.774999999999995,9,12,15
-0.8550000000000004,7,14,15
1.610000000000003,16,5,15
1.3099999999999987,16,9,11
5.349999999999998,16,8,12
7.434999999999999,16,6,14
4.385000000000002,16,7,13
3.6000000000000014,11,12,14
6.105,10,13,14
1.6999999999999993,10,12,15
3.34,16,6,15
4.079999999999998,9,13,15
2.3500000000000014,8,14,15
3.884999999999998,16,10,11
4.934999999999999,16,9,12
5.274999999999999,16,8,13
3.8399999999999963,16,7,14
4.73,11,13,14
2.529999999999994,11,12,15
3.4450000000000003,10,13,15
4.545000000000002,9,14,15
4.905000000000001,16,10,12
3.9800000000000004,16,9,13
5.645000000000003,16,8,14
2.0899999999999963,16,7,15
5.994999999999997,12,13,14
3.544999999999998,11,13,15
-0.5650000000000013,10,14,15
2.6050000000000004,16,11,12
4.040000000000003,16,10,13
8.360000000000003,16,9,14
0.3949999999999996,16,8,15
4.829999999999998,12,13,15
1.2649999999999935,11,14,15
3.129999999999999,16,11,13
6.239999999999998,16,10,14
-0.4450000000000003,16,9,15
3.3399999999999963,12,14,15
5.449999999999996,16,12,13
4.605,16,11,14
1.1449999999999996,16,10,15
5.724999999999994,13,14,15
8.059999999999995,16,12,14
1.5949999999999953,16,11,15
9.099999999999998,16,13,14
2.9199999999999946,16,12,15
6.2599999999999945,16,13,15
3.384999999999998,16,14,15
