-10.324999999999505,1,2,3,4,5,6,7,8,9,10,11,12
-0.97999999999967,1,2,3,4,5,6,7,8,9,10,11,13
5.5200000000003016,1,2,3,4,5,6,7,8,9,10,12,13
-3.9299999999999997,1,2,3,4,5,6,7,8,9,10,11,14
-2.520000000000124,1,2,3,4,5,6,7,8,9,11,12,13
-1.8949999999999108,1,2,3,4,5,6,7,8,9,10,12,14
1.1650000000004468,1,2,3,4,5,6,7,8,9,10,11,15
3.085000000000008,1,2,3,4,5,6,7,8,10,11,12,13
-2.4350000000000804,1,2,3,4,5,6,7,8,9,11,12,14
-0.2899999999998073,1,2,3,4,5,6,7,8,9,10,13,14
2.6749999999998906,1,2,3,4,5,6,7,8,9,10,12,15
-3.719999999999523,16,1,2,3,4,5,6,7,8,9,10,11
3.0100000000001614,1,2,3,4,5,6,7,9,10,11,12,13
-10.994999999999848,1,2,3,4,5,6,7,8,10,11,12,14
-6.870000000000026,1,2,3,4,5,6,7,8,9,11,13,14
-2.659999999999762,1,2,3,4,5,6,7,8,9,11,12,15
4.0600000000002865,1,2,3,4,5,6,7,8,9,10,13,15
0.2350000000006034,16,1,2,3,4,5,6,7,8,9,10,12
-1.7250000000000298,1,2,3,4,5,6,7,8,10,11,13,14
-1.27000000000006,1,2,3,4,5,6,8,9,10,11,12,13
-4.929999999999723,1,2,3,4,5,6,7,9,10,11,12,14
3.0600000000002225,1,2,3,4,5,6,7,8,9,12,13,14
-10.239999999999768,1,2,3,4,5,6,7,8,10,11,12,15
-4.149999999999913,1,2,3,4,5,6,7,8,9,11,13,15
-1.5449999999999235,1,2,3,4,5,6,7,8,9,10,14,15
-12.374999999999837,16,1,2,3,4,5,6,7,8,9,11,12
-1.4749999999996533,16,1,2,3,4,5,6,7,8,9,10,13
4.770000000000024,1,2,3,4,5,6,7,8,10,12,13,14
-0.08999999999956998,1,2,3,4,5,7,8,9,10,11,12,13
-7.409999999999968,1,2,3,4,5,6,8,9,10,11,12,14
-10.059999999999825,16,1,2,3,4,5,6,7,8,9,11,13
-1.264999999999958,1,2,3,4,5,6,7,9,10,11,13,14
-9.474999999999895,1,2,3,4,5,6,7,9,10,11,12,15
-2.4849999999998786,1,2,3,4,5,6,7,8,10,11,13,15
-7.759999999999849,16,1,2,3,4,5,6,7,8,9,10,14
8.41499999999985,1,2,3,4,5,6,7,8,9,12,13,15
2.1850000000003007,1,2,3,4,5,6,7,8,9,11,14,15
-13.409999999999613,16,1,2,3,4,5,6,7,8,10,11,12
-6.750000000000291,1,2,3,4,5,6,7,8,11,12,13,14
0.775000000000297,1,2,3,4,5,7,8,9,10,11,12,14
3.560000000000329,1,2,3,4,6,7,8,9,10,11,12,13
-0.4350000000003078,1,2,3,4,5,6,8,9,10,11,13,14
0.6300000000000452,1,2,3,4,5,6,7,9,10,12,13,14
2.9750000000004277,1,2,3,4,5,6,7,8,9,12,14,15
-1.1750000000000256,16,1,2,3,4,5,6,7,8,10,11,13
-2.9149999999997434,1,2,3,4,5,6,8,9,10,11,12,15
-7.064999999999515,16,1,2,3,4,5,6,7,9,10,11,12
-4.684999999999832,1,2,3,4,5,6,7,9,10,11,13,15
7.584999999999916,1,2,3,4,5,6,7,8,10,12,13,15
3.73000000000021,16,1,2,3,4,5,6,7,8,9,10,15
-4.1749999999996845,16,1,2,3,4,5,6,7,8,9,12,13
-9.740000000000052,1,2,3,4,5,6,7,8,10,11,14,15
-3.485000000000049,16,1,2,3,4,5,6,7,8,9,11,14
-3.9149999999999423,1,2,3,5,6,7,8,9,10,11,12,13
-9.784999999999798,1,2,3,4,6,7,8,9,10,11,12,14
-1.5599999999995546,1,2,3,4,5,6,7,8,9,13,14,15
-6.79499999999971,16,1,2,3,4,5,6,8,9,10,11,12
0.8650000000003502,1,2,3,4,5,7,8,9,10,11,13,14
-0.6949999999996308,16,1,2,3,4,5,6,7,9,10,11,13
3.5049999999999244,1,2,3,4,5,6,8,9,10,12,13,14
-8.449999999999932,16,1,2,3,4,5,6,7,8,9,12,14
-11.089999999999897,16,1,2,3,4,5,6,7,8,10,11,14
1.3450000000000628,1,2,3,4,5,6,7,9,11,12,13,14
-7.274999999999878,1,2,3,4,5,6,7,9,10,11,14,15
-4.7599999999997635,16,1,2,3,4,5,6,7,8,9,11,15
-3.114999999999597,1,2,3,4,5,7,8,9,10,11,12,15
3.195000000000043,1,2,3,4,5,6,8,9,10,11,13,15
-0.6650000000000276,1,2,3,4,5,6,7,9,10,12,13,15
-6.934999999999903,1,2,3,4,5,6,7,8,10,12,14,15
-0.22000000000024755,1,2,3,4,5,6,7,8,11,12,13,15
3.039999999999999,16,1,2,3,4,5,6,7,8,10,12,13
-2.5699999999999648,1,2,4,5,6,7,8,9,10,11,12,13
-12.970000000000063,1,2,3,5,6,7,8,9,10,11,12,14
-1.0349999999996982,1,2,3,4,6,7,8,9,10,11,13,14
7.110000000000497,1,2,3,4,5,7,8,9,10,12,13,14
-2.7899999999999068,16,1,2,3,4,5,6,7,8,9,12,15
-9.934999999999988,1,2,3,4,5,6,7,9,10,12,14,15
-7.374999999999808,1,2,3,4,5,6,7,8,11,12,14,15
-6.649999999999821,1,2,3,4,5,6,7,8,10,13,14,15
-8.884999999999742,16,1,2,3,4,5,6,7,9,10,11,14
-3.030000000000115,1,2,3,4,5,6,8,9,11,12,13,14
1.3599999999999284,1,2,3,4,5,6,7,10,11,12,13,14
-1.5749999999994841,16,1,2,3,4,5,6,7,9,10,12,13
-9.269999999999477,1,2,3,4,6,7,8,9,10,11,12,15
1.309999999999718,16,1,2,3,4,5,6,8,9,10,11,13
-7.265000000000164,16,1,2,3,4,5,6,7,8,11,12,13
-0.9549999999996359,1,2,3,4,5,7,8,9,10,11,13,15
-1.5399999999999068,1,2,3,4,5,6,8,9,10,11,14,15
-6.584999999999859,16,1,2,3,4,5,6,7,8,9,13,14
-1.8999999999996078,16,1,2,3,4,5,7,8,9,10,11,12
-8.864999999999867,16,1,2,3,4,5,6,7,8,10,11,15
9.309999999999832,1,2,3,4,5,6,8,9,10,12,13,15
-9.679999999999858,16,1,2,3,4,5,6,7,8,10,12,14
-1.1500000000000838,1,2,3,4,5,6,7,9,11,12,13,15
-6.72999999999994,1,2,3,5,6,7,8,9,10,11,12,15
-2.360000000000113,1,3,4,5,6,7,8,9,10,11,12,13
-3.8199999999999434,1,2,4,5,6,7,8,9,10,11,12,14
7.500000000000078,1,2,3,4,5,6,8,9,11,12,13,15
-1.8350000000001216,1,2,3,4,5,6,7,10,11,12,13,15
-12.934999999999143,16,1,2,3,4,6,7,8,9,10,11,12
-13.500000000000043,1,2,3,4,5,6,7,8,11,13,14,15
-4.189999999999763,16,1,2,3,4,5,6,7,9,10,11,15
-5.119999999999756,16,1,2,3,4,5,6,7,9,11,12,13
-6.109999999999907,1,2,3,5,6,7,8,9,10,11,13,14
-4.935000000000024,16,1,2,3,4,5,6,7,8,9,13,15
7.955000000000247,1,2,3,4,6,7,8,9,10,12,13,14
0.6900000000003601,1,2,3,4,5,7,8,9,11,12,13,14
-3.004999999999356,1,2,3,4,5,6,7,9,11,12,14,15
-10.064999999999792,1,2,3,4,5,6,7,9,10,13,14,15
-15.000000000000043,16,1,2,3,4,5,6,7,8,11,12,14
2.77000000000006,1,2,3,4,5,6,8,9,10,12,14,15
-12.419999999999831,16,1,2,3,4,5,6,7,9,10,12,14
-0.39499999999964786,16,1,2,3,4,5,7,8,9,10,11,13
-5.609999999999808,16,1,2,3,4,5,6,7,8,10,13,14
-0.985000000000305,1,2,3,4,5,6,8,10,11,12,13,14
1.1000000000004917,1,2,3,4,5,7,8,9,10,11,14,15
1.580000000000581,1,2,3,4,6,7,8,9,10,11,13,15
0.5700000000003058,16,1,2,3,4,5,6,8,9,10,12,13
-4.354999999999819,16,1,2,3,4,5,6,7,8,10,12,15
-6.075000000000358,16,1,2,3,4,5,6,8,9,10,11,14
4.6100000000003405,1,2,3,4,5,7,8,9,10,12,13,15
1.4200000000003072,1,2,3,4,5,7,8,9,10,12,14,15
-14.570000000000313,1,3,4,5,6,7,8,9,10,11,12,14
-5.875000000000014,2,3,4,5,6,7,8,9,10,11,12,13
-1.1000000000000512,1,2,4,5,6,7,8,9,10,11,13,14
-5.390000000000093,16,1,2,3,4,5,6,7,8,10,13,15
-7.229999999999613,1,2,3,5,6,7,8,9,10,12,13,14
2.8250000000000384,16,1,2,3,4,5,6,7,10,11,12,13
3.3299999999997354,1,2,3,4,6,7,8,9,11,12,13,14
7.285000000000117,1,2,3,4,5,7,8,10,11,12,13,14
-2.8949999999999747,1,2,3,4,5,6,9,10,11,12,13,14
-12.649999999999679,16,1,2,3,5,6,7,8,9,10,11,12
9.72500000000013,1,2,3,4,6,7,8,9,10,12,13,15
3.155000000000406,1,2,3,4,5,6,8,9,11,12,14,15
0.9699999999999136,1,2,3,4,5,6,8,9,10,13,14,15
-2.0899999999996197,16,1,2,3,4,5,6,7,8,9,14,15
-1.9449999999999434,16,1,2,3,4,5,6,8,9,11,12,13
-8.864999999999739,16,1,2,3,4,5,6,7,9,11,12,14
-6.159999999999897,16,1,2,3,4,5,6,8,9,10,12,14
-13.649999999999721,1,2,3,4,5,6,7,10,11,12,14,15
-0.3449999999992883,16,1,2,3,4,6,7,8,9,10,11,13
-1.0649999999996922,16,1,2,3,4,5,7,8,9,10,11,14
-5.665000000000141,16,1,2,3,4,5,6,7,9,10,12,15
-1.4210854715202004E-14,1,2,3,4,5,6,7,8,12,13,14,15
-14.759999999999664,16,1,2,3,4,5,6,7,8,11,12,15
-10.699999999999811,16,1,2,3,4,5,6,7,9,10,13,14
1.6000000000003922,1,2,3,4,5,7,8,9,11,12,13,15
-6.054999999999822,1,2,4,5,6,7,8,9,10,11,12,15
-10.630000000000301,16,1,2,3,4,5,6,7,8,11,13,14
-10.624999999999886,1,2,3,4,5,6,7,9,11,13,14,15
4.155000000000712,16,1,2,3,4,5,7,8,9,10,12,13
3.954999999999849,1,2,3,4,5,6,8,10,11,12,13,15
-2.3850000000000833,1,2,3,5,6,7,8,9,10,11,13,15
0.5550000000000566,16,1,2,3,4,5,6,8,9,10,11,15
-5.304999999999509,1,2,3,4,6,7,8,9,10,11,14,15
-4.0449999999998525,1,3,4,5,6,7,8,9,10,11,13,14
-5.650000000000169,2,3,4,5,6,7,8,9,10,11,12,14
6.860000000000284,1,2,4,5,6,7,8,9,10,12,13,14
-7.50999999999992,1,2,3,4,5,6,8,10,11,12,14,15
-14.214999999999598,16,1,2,3,4,5,6,7,10,11,12,14
-7.055000000000192,1,2,3,5,6,7,8,9,11,12,13,14
-1.7299999999998192,1,2,3,4,5,6,8,9,11,13,14,15
0.17000000000034987,16,1,2,3,4,5,7,8,9,10,11,15
2.364999999999796,16,1,2,3,4,5,6,8,10,11,12,13
-4.399999999999515,1,2,3,4,5,7,8,9,10,13,14,15
0.560000000000521,16,1,2,3,4,5,7,8,9,10,12,14
-5.050000000000118,16,1,2,3,4,5,6,7,8,12,13,14
-13.560000000000052,16,1,2,3,4,5,6,7,8,11,13,15
9.815000000000005,1,2,3,4,6,7,8,10,11,12,13,14
6.289999999999601,1,2,3,4,6,7,8,9,11,12,13,15
-13.444999999999858,16,1,2,3,4,5,6,7,8,10,14,15
5.990000000000514,1,2,3,4,5,7,8,9,11,12,14,15
-8.30999999999976,16,1,2,3,4,5,6,7,9,10,13,15
-7.184999999999697,16,1,2,3,4,6,7,8,9,10,11,14
0.035000000000486864,1,2,3,4,5,7,9,10,11,12,13,14
-4.480000000000032,1,3,4,5,6,7,8,9,10,11,12,15
1.9450000000000855,16,1,2,3,4,5,6,8,9,10,12,15
6.325000000000642,16,1,2,3,4,6,7,8,9,10,12,13
-7.5950000000002476,16,1,2,3,4,5,6,8,9,11,12,14
-6.40499999999993,1,2,3,4,6,7,8,9,10,12,14,15
-10.84499999999943,16,1,2,4,5,6,7,8,9,10,11,12
-6.5349999999995205,16,1,2,3,4,5,7,8,9,11,12,13
2.745000000000111,1,2,3,4,5,7,8,10,11,12,13,15
-0.16499999999977177,1,2,4,5,6,7,8,9,10,11,13,15
-3.7899999999998784,1,2,3,5,6,7,8,9,10,11,14,15
-14.284999999999933,1,2,3,4,5,6,7,10,11,13,14,15
4.4200000000003925,1,2,3,5,6,7,8,9,10,12,13,15
-3.610000000000312,16,1,2,3,4,5,6,8,9,10,13,14
-3.4799999999998477,16,1,2,3,5,6,7,8,9,10,11,13
-9.069999999999766,16,1,2,3,4,5,6,7,9,11,12,15
-1.634999999999998,1,2,3,4,5,6,9,10,11,12,13,15
0.8900000000003772,1,2,3,4,5,6,7,9,12,13,14,15
-8.989999999999668,16,1,2,3,4,5,6,7,9,11,13,14
0.04499999999946169,1,2,3,5,6,7,8,9,11,12,13,15
-7.780000000000079,2,3,4,5,6,7,8,9,10,11,13,14
-3.5000000000000497,1,3,4,5,6,7,8,9,10,12,13,14
-12.930000000000021,16,1,2,3,4,5,6,8,10,11,12,14
-4.219999999999992,16,1,2,3,4,6,7,8,9,11,12,13
-7.50999999999987,16,1,2,3,4,5,6,7,10,11,13,14
-3.655000000000058,16,1,2,3,4,5,6,7,8,12,13,15
-4.004999999999789,1,2,3,4,5,7,8,10,11,12,14,15
-13.74999999999956,16,1,3,4,5,6,7,8,9,10,11,12
-5.929999999999602,16,1,2,3,4,6,7,8,9,10,12,14
-5.349999999999973,1,2,3,4,5,7,9,10,11,12,13,15
-5.669999999999732,1,2,3,5,6,7,8,9,10,12,14,15
-1.3200000000000287,16,1,2,3,4,5,6,8,9,10,13,15
-9.93500000000003,16,1,2,3,5,6,7,8,9,10,11,14
-1.6749999999999545,16,1,2,3,4,5,6,8,9,11,12,15
-6.10500000000021,16,1,2,3,4,5,6,8,9,11,13,14
1.0450000000002717,1,2,3,4,6,7,8,9,11,12,14,15
0.42499999999999716,16,1,2,3,4,5,6,9,10,11,12,13
-1.6449999999999676,16,1,2,3,4,5,7,8,9,11,12,14
-0.6600000000003945,1,2,4,5,6,7,8,9,11,12,13,14
-6.125000000000149,1,2,3,5,6,7,8,10,11,12,13,14
-14.309999999999846,16,1,2,3,4,5,6,7,10,11,12,15
-4.909999999999407,1,2,3,4,6,7,8,9,10,13,14,15
0.5550000000003763,16,1,2,3,4,5,7,8,9,10,12,15
3.885000000000403,1,2,3,4,6,7,9,10,11,12,13,14
2.234999999999914,1,2,3,4,5,8,9,10,11,12,13,14
-5.479999999999471,1,2,3,4,5,7,8,9,11,13,14,15
-10.814999999999806,16,1,2,3,4,5,6,7,9,11,13,15
3.9050000000004204,1,2,4,5,6,7,8,9,10,11,14,15
-1.0249999999993875,16,1,2,3,4,5,7,8,9,10,13,14
7.804999999999957,1,2,3,4,5,6,8,9,12,13,14,15
-11.045000000000258,16,1,2,3,4,5,6,7,9,10,14,15
-7.969999999999885,2,3,4,5,6,7,8,9,10,11,12,15
-6.729999999999762,16,1,2,4,5,6,7,8,9,10,11,13
0.8450000000000983,1,3,4,5,6,7,8,9,10,11,13,15
9.130000000000209,1,2,3,4,6,7,8,10,11,12,13,15
-16.22500000000001,16,1,2,3,4,5,6,7,8,11,14,15
3.855000000000075,1,2,4,5,6,7,8,9,10,12,13,15
4.754999999999981,16,1,2,3,4,5,7,8,10,11,12,13
-7.735000000000127,1,2,3,4,5,6,7,10,12,13,14,15
-1.2699999999994418,16,1,2,3,5,6,7,8,9,10,12,13
-10.359999999999587,1,2,3,4,5,6,9,10,11,12,14,15
-3.975000000000122,1,2,3,4,5,6,8,10,11,13,14,15
-6.239999999999945,16,1,2,3,4,5,6,7,9,12,13,14
-3.434999999999164,16,1,2,3,4,6,7,8,9,10,11,15
-2.1899999999995643,1,2,3,4,6,7,8,9,11,13,14,15
-4.10000000000008,1,3,4,5,6,7,8,9,11,12,13,14
-4.435000000000123,2,3,4,5,6,7,8,9,10,12,13,14
1.4099999999996342,1,2,4,5,6,7,8,10,11,12,13,14
-2.9400000000001327,1,2,3,5,6,7,9,10,11,12,13,14
-5.7899999999998,16,1,2,3,4,5,6,7,9,11,14,15
-4.479999999999684,16,1,2,4,5,6,7,8,9,10,11,14
-4.8700000000000045,16,1,2,3,4,5,6,7,9,12,13,15
-7.854999999999748,16,1,2,3,4,5,6,7,10,12,13,14
-2.7749999999995225,16,1,2,3,4,6,7,8,9,10,13,14
-4.759999999999565,1,2,3,4,5,7,9,10,11,12,14,15
-7.114999999999689,1,2,3,4,5,7,8,10,11,13,14,15
-7.239999999999959,16,1,2,3,5,6,7,8,9,11,12,13
-8.02000000000001,16,1,2,3,4,6,7,8,9,11,12,14
-10.17499999999989,16,1,2,3,4,5,6,7,8,12,14,15
-2.6750000000002316,16,1,2,3,4,5,6,8,9,11,13,15
-2.8049999999995165,16,1,2,4,5,6,7,8,9,10,12,13
-4.8350000000000435,16,1,2,3,4,5,7,8,10,11,12,14
1.0450000000000301,1,2,3,4,6,8,9,10,11,12,13,14
-9.164999999999708,1,2,3,4,6,7,8,10,11,12,14,15
10.035000000000508,1,2,3,4,5,7,8,9,12,13,14,15
-8.304999999999872,16,1,2,3,4,5,6,8,10,11,12,15
-6.31499999999977,1,2,3,5,6,7,8,9,10,13,14,15
-12.36000000000007,16,1,2,3,4,5,6,9,10,11,12,14
-3.414999999999857,16,1,2,3,4,5,7,8,9,11,13,14
-12.859999999999609,16,2,3,4,5,6,7,8,9,10,11,12
6.0549999999999,16,1,2,3,4,6,7,8,10,11,12,13
6.210000000000235,1,2,4,5,6,7,8,9,10,12,14,15
-3.3799999999996118,16,1,2,3,4,5,7,8,9,11,12,15
1.9399999999997277,1,2,3,4,5,6,8,10,12,13,14,15
-9.86500000000008,1,2,3,4,5,6,7,11,12,13,14,15
-15.25999999999992,16,1,2,3,5,6,7,8,9,10,12,14
-4.960000000000001,16,1,2,3,4,5,6,8,9,10,14,15
-4.934999999999555,16,1,3,4,5,6,7,8,9,10,11,13
-2.334999999999461,16,1,2,3,4,5,7,9,10,11,12,13
2.549999999999656,1,2,3,4,5,8,9,10,11,12,13,15
1.9100000000003163,1,3,4,5,6,7,8,9,10,11,14,15
-5.9549999999997425,2,3,4,5,6,7,8,9,10,11,13,15
10.259999999999856,1,3,4,5,6,7,8,9,10,12,13,15
-4.590000000000288,16,1,2,3,4,5,6,8,9,12,13,14
-1.9450000000001069,1,2,3,4,5,6,9,10,11,13,14,15
2.444999999999766,1,2,4,5,6,7,8,9,11,12,13,15
-5.5850000000003845,16,1,2,3,4,5,6,8,10,11,13,14
-7.175000000000033,16,1,2,3,4,5,6,7,10,11,13,15
-3.299999999999436,16,1,2,3,4,6,7,8,9,10,12,15
2.0900000000002876,1,2,3,4,6,7,9,10,11,12,13,15
-1.7949999999997601,16,1,2,3,5,6,7,8,9,10,11,15
-0.7999999999998195,16,1,2,3,4,5,7,8,9,10,13,15
-2.905000000000392,1,2,3,5,6,7,8,10,11,12,13,15
0.4599999999997664,1,2,3,5,6,7,8,9,11,12,14,15
1.784999999999421,1,3,4,5,6,7,8,9,11,12,13,15
-8.979999999999947,2,3,4,5,6,7,8,9,11,12,13,14
-8.074999999999939,16,1,2,3,4,5,6,9,10,11,12,15
-7.304999999999907,16,1,2,3,4,5,6,7,9,12,14,15
0.02500000000007674,16,1,2,3,4,5,6,8,9,11,14,15
3.1200000000004735,16,1,2,3,4,5,7,8,9,12,13,14
-3.1549999999994824,1,2,3,4,6,7,8,10,11,13,14,15
2.1600000000002098,16,1,2,3,4,5,8,9,10,11,12,13
-5.245000000000111,16,1,2,3,4,5,6,8,10,12,13,14
-10.694999999999716,1,2,3,4,5,7,9,10,11,13,14,15
-6.284999999999712,1,3,4,5,6,7,8,9,10,12,14,15
-16.244999999999905,16,1,2,3,4,5,6,7,10,11,14,15
-14.124999999999865,1,2,3,5,6,7,8,10,11,12,14,15
-1.52000000000006,1,3,4,5,6,7,8,10,11,12,13,14
-8.444999999999808,16,1,2,3,4,5,6,7,11,12,13,14
3.160000000000359,16,1,2,3,4,6,7,9,10,11,12,13
-6.3549999999997695,16,1,2,3,4,6,7,8,9,11,12,15
-0.1999999999998323,16,1,2,3,4,5,7,8,10,11,13,14
0.0199999999999676,1,2,4,5,6,7,9,10,11,12,13,14
-1.850000000000179,1,2,3,5,6,8,9,10,11,12,13,14
15.985000000000142,1,2,3,4,7,8,9,10,11,12,13,14
-1.8299999999995293,16,1,2,4,5,6,7,8,9,10,12,14
6.115000000000244,1,2,4,5,6,7,8,9,11,12,14,15
-1.5799999999999557,1,2,3,4,5,6,8,11,12,13,14,15
-3.6349999999999554,16,1,2,3,4,5,7,8,9,11,13,15
-7.444999999999652,16,1,2,3,5,6,7,8,9,10,13,14
-1.429999999999552,16,1,2,4,5,6,7,8,9,10,11,15
1.260000000000069,2,3,4,5,6,7,8,9,10,12,13,15
-9.504999999999711,16,1,2,4,5,6,7,8,9,11,12,13
-5.2250000000002785,16,1,2,3,5,6,7,8,10,11,12,13
-2.315000000000076,16,1,2,3,4,6,7,8,9,11,13,14
-11.004999999999875,16,1,2,3,4,5,7,8,10,11,12,15
-10.150000000000354,16,1,2,3,5,6,7,8,9,11,12,14
2.930000000000369,1,2,3,4,5,7,8,10,12,13,14,15
-3.1650000000004184,16,1,2,3,4,5,6,8,10,11,13,15
-3.8350000000002993,16,1,2,3,4,5,6,9,10,11,13,14
-13.620000000000083,16,1,2,3,4,5,6,7,8,13,14,15
3.624999999999737,1,2,4,5,6,7,8,10,11,12,13,15
-5.655000000000101,1,2,3,4,5,6,9,10,12,13,14,15
-6.894999999999804,16,1,3,4,5,6,7,8,9,10,11,14
-5.084999999999617,16,1,2,3,4,5,7,9,10,11,12,14
1.4300000000004474,1,2,4,5,6,7,8,9,10,13,14,15
-3.779999999999646,16,1,2,3,4,5,7,8,9,10,14,15
-5.544999999999739,1,2,3,5,6,7,8,9,11,13,14,15
10.619999999999862,1,2,3,4,6,8,9,10,11,12,13,15
-2.500000000000135,1,2,3,5,6,7,9,10,11,12,13,15
5.5749999999997755,16,1,2,3,4,5,6,8,9,12,13,15
8.785000000000018,1,2,3,4,6,7,8,9,12,13,14,15
-7.209999999999624,16,2,3,4,5,6,7,8,9,10,11,13
-3.68999999999928,16,1,2,3,4,6,7,8,9,10,13,15
1.2850000000002666,16,1,3,4,5,6,7,8,9,10,12,13
-10.455000000000034,16,1,2,3,4,6,7,8,10,11,12,14
-14.599999999999518,1,2,3,4,6,7,9,10,11,12,14,15
-3.490000000000066,1,2,3,4,5,8,9,10,11,12,14,15
-2.309999999999853,16,1,2,3,5,6,7,8,9,10,12,15
-3.8749999999998934,16,1,2,3,4,5,6,7,10,12,13,15
-4.594999999999715,2,3,4,5,6,7,8,9,10,11,14,15
2.8749999999998153,1,2,3,5,6,8,9,10,11,12,13,15
-2.459999999999738,1,2,3,5,7,8,9,10,11,12,13,14
1.9550000000003465,2,3,4,5,6,7,8,10,11,12,13,14
-3.8699999999997345,1,3,4,5,6,7,8,9,10,13,14,15
2.549999999999976,16,1,2,3,4,5,6,8,10,12,13,15
-3.814999999999557,16,1,2,3,5,6,7,9,10,11,12,13
4.525000000000141,16,1,2,3,4,5,7,8,9,12,13,15
-13.405000000000008,16,1,2,3,4,5,6,8,10,11,14,15
1.8849999999997635,1,2,3,4,5,8,9,10,11,13,14,15
-9.284999999999407,16,1,2,3,4,6,7,8,9,10,14,15
-9.929999999999957,16,1,2,3,4,5,6,7,9,13,14,15
-8.714999999999797,16,2,3,4,5,6,7,8,9,10,11,14
-6.94000000000004,16,1,2,4,5,6,7,8,9,11,12,14
-5.079999999999629,1,2,3,4,5,7,9,10,12,13,14,15
-8.664999999999864,1,2,4,5,6,7,8,10,11,12,14,15
-9.940000000000495,16,1,2,3,4,5,6,8,11,12,13,14
-1.0299999999998946,16,1,2,3,5,6,7,8,9,10,13,15
3.0600000000000804,1,3,4,5,6,7,9,10,11,12,13,14
1.0349999999997692,16,1,2,3,4,5,6,9,10,11,13,15
-11.24499999999972,16,1,3,4,5,6,7,8,9,10,12,14
-6.769999999999683,16,1,2,4,5,6,7,8,9,10,13,14
-3.26999999999979,1,2,4,5,6,7,8,9,11,13,14,15
-3.8749999999997726,16,2,3,4,5,6,7,8,9,10,12,13
-7.184999999999867,16,1,2,3,4,5,7,9,10,11,12,15
-0.10499999999994003,16,1,2,3,4,5,6,8,9,12,14,15
-5.46000000000015,16,1,2,3,5,6,7,8,9,11,13,14
-0.059999999999689635,16,1,2,4,5,6,7,8,9,10,12,15
-8.035000000000181,16,1,2,3,4,5,6,7,11,12,13,15
-0.4000000000005457,1,2,4,5,6,8,9,10,11,12,13,14
-5.220000000000034,2,3,4,5,6,7,8,9,11,12,13,15
2.7349999999999,1,3,4,5,6,7,8,10,11,12,13,15
-3.3550000000000253,1,3,4,5,6,7,8,9,11,12,14,15
-7.334999999999539,1,2,3,4,6,7,9,10,11,13,14,15
0.03499999999999659,16,1,2,3,4,6,7,8,9,12,13,14
2.395000000000273,1,2,3,4,6,7,8,10,12,13,14,15
5.515000000000498,16,1,2,3,4,5,7,8,10,12,13,14
-8.065000000000268,1,2,4,5,6,7,9,10,11,12,13,15
-13.69999999999964,16,1,2,3,4,6,7,8,10,11,12,15
-4.9900000000000375,16,1,2,3,4,5,7,8,10,11,13,15
-4.719999999999921,1,2,3,4,5,7,8,11,12,13,14,15
-4.06500000000004,16,1,2,3,4,5,8,9,10,11,12,14
0.810000000000322,16,1,2,3,4,5,7,8,9,11,14,15
-13.309999999999633,16,1,2,3,4,6,7,9,10,11,12,14
-0.4649999999998897,2,3,4,5,6,7,8,9,10,12,14,15
1.1000000000002075,1,2,3,5,6,7,8,9,12,13,14,15
1.6299999999999315,16,1,2,4,5,6,7,8,10,11,12,13
-16.500000000000036,16,1,2,3,5,6,7,8,10,11,12,14
2.79500000000008,16,1,2,3,4,6,7,8,10,11,13,14
-4.564999999999877,16,1,2,3,4,6,7,8,9,11,13,15
4.080000000000254,16,1,2,3,4,6,8,9,10,11,12,13
-0.28499999999993264,16,1,3,4,5,6,7,8,9,10,11,15
-8.244999999999344,16,1,2,3,4,5,7,9,10,11,13,14
-10.430000000000206,16,1,2,3,4,5,6,9,10,12,13,14
-10.164999999999885,1,2,3,5,6,7,9,10,11,12,14,15
-2.8299999999997425,1,2,3,4,5,6,9,11,12,13,14,15
-5.315000000000026,16,1,3,4,5,6,7,8,9,11,12,13
-5.645000000000088,16,1,2,3,5,6,7,8,9,11,12,15
-13.815000000000062,16,1,2,3,4,5,6,7,10,12,14,15
-9.344999999999914,1,2,3,5,6,7,8,10,11,13,14,15
10.310000000000159,1,2,3,4,7,8,9,10,11,12,13,15
-1.7700000000000173,1,2,3,4,6,8,9,10,11,12,14,15
-2.2650000000002066,1,2,4,5,6,8,9,10,11,12,13,15
-3.0549999999999002,2,3,4,5,6,7,9,10,11,12,13,14
-0.21500000000004604,16,1,3,4,5,6,7,8,9,10,12,15
-0.15999999999967685,1,2,3,4,7,8,9,10,11,12,14,15
5.744999999999763,1,2,3,4,5,8,9,10,12,13,14,15
-5.529999999999838,1,2,3,4,6,7,9,10,12,13,14,15
-7.189999999999998,16,1,2,3,4,5,6,9,11,12,13,14
-4.7200000000001765,16,1,2,3,4,5,8,9,10,11,12,15
-0.864999999999533,16,1,2,3,4,6,7,8,9,11,14,15
-11.249999999999694,16,1,2,3,4,5,6,8,10,12,14,15
-11.774999999999523,16,2,3,4,5,6,7,8,9,11,12,13
-0.3599999999995305,16,1,2,3,4,6,7,9,10,11,13,14
9.005000000000209,1,2,4,5,6,7,8,9,12,13,14,15
-5.685000000000478,1,3,4,5,6,8,9,10,11,12,13,14
-0.6150000000001654,16,1,2,3,4,5,6,8,11,12,13,15
-11.109999999999701,16,1,3,4,5,6,7,8,9,11,12,14
-13.759999999999955,16,1,2,4,5,6,7,8,10,11,12,14
-3.964999999999719,16,1,2,4,5,6,7,8,9,11,12,15
-0.7299999999997837,1,2,3,4,6,8,9,10,11,13,14,15
-5.42499999999994,16,1,2,4,5,6,7,9,10,11,12,13
-9.480000000000082,16,1,2,3,4,5,7,8,11,12,13,14
2.9150000000003047,16,1,2,3,4,5,7,8,9,12,14,15
-6.455000000000219,16,2,3,4,5,6,7,8,9,10,12,14
-7.49000000000003,16,1,2,3,5,6,7,8,9,12,13,14
-5.059999999999242,16,1,2,3,4,5,7,9,10,12,13,14
-2.1000000000001435,16,1,2,3,4,5,6,9,10,12,13,15
-10.814999999999799,16,1,2,3,5,6,7,8,9,10,14,15
-2.8449999999996223,1,2,3,4,5,7,9,11,12,13,14,15
-14.949999999999818,16,1,2,3,4,5,6,7,11,12,14,15
-14.824999999999676,16,1,2,3,4,6,7,9,10,11,12,15
3.2650000000003345,16,1,2,3,4,5,7,8,10,12,13,15
-1.2850000000001884,1,2,3,4,6,7,8,11,12,13,14,15
-13.159999999999599,1,3,4,5,6,7,8,10,11,12,14,15
-5.969999999999899,1,2,4,5,6,7,9,10,11,12,14,15
-13.90499999999998,16,1,2,3,5,6,7,8,10,11,12,15
3.419999999999959,16,1,2,3,4,6,7,8,9,12,13,15
-10.730000000000032,1,2,3,5,6,7,8,10,12,13,14,15
-4.669999999999838,1,3,4,5,6,7,8,9,11,13,14,15
-9.5,1,2,3,5,6,7,9,10,11,13,14,15
-3.5999999999996746,16,1,3,4,5,6,7,8,9,10,13,14
-19.179999999999808,16,1,2,3,4,5,6,7,10,13,14,15
-3.1999999999997257,16,1,2,3,4,6,7,8,10,11,13,15
8.450000000000237,16,1,2,3,4,7,8,9,10,11,12,13
-9.259999999999472,16,2,3,4,5,6,7,8,9,10,11,15
5.645000000000422,1,2,4,5,7,8,9,10,11,12,13,14
1.089999999999769,1,2,3,6,7,8,9,10,11,12,13,14
-14.079999999999913,16,1,2,3,5,6,7,9,10,11,12,14
-13.529999999999802,16,1,2,3,4,6,8,9,10,11,12,14
-7.884999999999785,16,1,2,3,4,5,7,9,10,11,13,15
-1.9300000000002413,16,1,2,3,4,5,8,9,10,11,13,14
-6.620000000000083,1,2,3,4,5,6,10,11,12,13,14,15
-3.204999999999778,16,1,2,4,5,6,7,8,9,10,13,15
-9.290000000000092,16,1,2,3,5,6,7,8,9,11,13,15
-6.65999999999984,16,1,2,3,5,6,7,8,10,11,13,14
-0.9700000000001125,1,2,3,5,6,8,9,10,11,12,14,15
-1.569999999999709,1,2,4,5,6,7,8,10,11,13,14,15
2.345000000000411,2,3,4,5,6,7,8,10,11,12,13,15
2.0499999999998977,1,3,4,5,6,7,9,10,11,12,13,15
-13.12999999999981,16,1,2,3,4,5,7,8,10,11,14,15
7.345000000000297,16,1,2,3,4,6,7,8,10,12,13,14
-0.9549999999997212,16,1,3,4,5,6,7,8,10,11,12,13
-8.579999999999963,16,1,2,4,5,6,7,8,9,11,13,14
0.33999999999991815,1,2,3,5,7,8,9,10,11,12,13,15
-7.970000000000219,2,3,4,5,6,7,8,9,10,13,14,15
-8.12000000000009,16,1,2,3,4,5,6,9,10,11,14,15
-1.3200000000002277,16,1,2,3,4,5,6,8,9,13,14,15
3.529999999999937,16,1,2,3,5,6,8,9,10,11,12,13
0.370000000000239,2,3,4,5,6,7,8,9,11,12,14,15
1.760000000000197,1,2,3,5,7,8,9,10,11,12,14,15
6.144999999999456,1,3,4,5,6,8,9,10,11,12,13,15
-3.839999999999982,2,3,4,5,6,8,9,10,11,12,13,14
1.545000000000421,1,2,3,4,7,8,9,10,11,13,14,15
-2.265000000000022,16,1,2,4,5,6,7,8,9,12,13,14
1.1500000000000767,1,2,3,5,6,8,9,10,11,13,14,15
-11.224999999999994,16,1,2,3,4,5,6,9,10,12,14,15
-16.744999999999983,16,1,2,3,4,5,6,7,11,13,14,15
-1.4150000000001697,1,3,4,5,6,7,8,9,12,13,14,15
-6.3700000000001324,16,1,2,3,5,6,8,9,10,11,12,14
-7.179999999999318,16,1,2,3,4,5,7,9,11,12,13,14
-2.0849999999998374,16,1,2,3,5,6,7,8,9,11,14,15
-11.189999999999557,16,1,2,3,4,6,7,8,10,11,14,15
-10.644999999999648,16,1,2,3,4,5,7,8,10,12,14,15
-7.445000000000171,16,1,2,3,4,5,6,10,11,12,13,14
-3.049999999999642,16,1,2,3,4,6,8,9,10,11,12,15
-10.79499999999998,16,2,3,4,5,6,7,8,9,10,13,14
0.22000000000008413,1,3,4,5,7,8,9,10,11,12,13,14
9.664999999999793,1,2,4,6,7,8,9,10,11,12,13,14
-6.504999999999619,2,3,4,5,6,7,9,10,11,12,13,15
-9.580000000000076,16,1,2,3,4,5,7,8,11,12,13,15
0.07500000000022311,16,1,2,3,4,7,8,9,10,11,12,14
-8.564999999999678,16,1,2,3,5,6,7,9,10,11,13,14
2.0050000000000736,16,1,2,3,4,5,8,9,10,12,13,14
-8.809999999999931,16,1,2,4,5,6,7,8,10,11,12,15
-0.26999999999937074,16,1,2,4,5,6,7,8,9,10,14,15
-9.184999999999896,16,1,2,3,4,5,6,8,11,12,14,15
-10.439999999999841,16,1,2,3,5,6,7,8,10,12,13,14
-8.339999999999861,16,1,2,4,5,6,7,8,9,11,13,15
1.7750000000003467,16,2,3,4,5,6,7,8,10,11,12,13
-3.8750000000000853,16,1,2,3,4,6,8,9,10,11,13,14
-10.934999999999889,16,1,2,3,4,5,7,9,10,11,14,15
-15.704999999999764,16,1,3,4,5,6,7,8,10,11,12,14
0.46500000000045105,16,1,2,3,4,6,7,9,10,11,13,15
1.2250000000002714,16,1,2,3,4,5,7,8,9,13,14,15
-6.924999999999663,16,2,3,4,5,6,7,8,9,11,12,14
-13.599999999999874,2,3,4,5,6,7,8,9,11,13,14,15
4.650000000000006,1,2,4,5,6,7,8,10,12,13,14,15
-4.275000000000439,16,1,2,3,4,6,7,8,11,12,13,14
2.875000000000199,16,1,2,3,4,6,7,8,10,12,13,15
-0.27499999999981384,1,2,3,4,6,7,9,11,12,13,14,15
3.515000000000427,1,2,3,4,5,8,9,11,12,13,14,15
-4.524999999999999,16,1,2,4,5,6,7,8,10,11,13,14
-7.364999999999789,16,1,2,3,5,6,7,9,10,11,12,15
-13.810000000000343,16,1,2,3,4,5,6,8,10,13,14,15
-4.734999999999886,16,1,2,3,5,6,7,8,9,12,13,15
1.31500000000009,1,2,4,5,7,8,9,10,11,12,13,15
-11.525000000000325,1,2,3,5,6,7,8,11,12,13,14,15
4.260000000000161,1,2,3,6,7,8,9,10,11,12,13,15
-2.0199999999996407,16,1,2,3,4,6,7,9,10,12,13,14
-0.22999999999966292,16,1,2,3,5,7,8,9,10,11,12,13
-8.049999999999955,16,1,2,4,5,6,7,9,10,11,12,14
-1.1999999999997044,16,1,2,3,4,5,7,9,10,12,13,15
-4.704999999999558,16,2,3,4,5,6,7,8,9,10,12,15
-1.629999999999761,16,1,3,4,5,6,7,8,9,10,13,15
-8.594999999999786,1,2,3,5,6,7,9,10,12,13,14,15
-5.684999999999867,1,2,3,4,5,7,10,11,12,13,14,15
-3.82499999999969,16,1,2,3,4,6,7,8,9,12,14,15
-6.009999999999728,2,3,4,5,6,7,8,10,11,12,14,15
-0.8099999999999596,1,2,4,5,6,8,9,10,11,12,14,15
10.159999999999876,1,2,3,4,6,8,9,10,12,13,14,15
-5.3200000000000145,16,1,3,4,5,6,7,8,9,11,12,15
-2.1700000000000585,16,1,2,3,4,5,6,9,11,12,13,15
-2.469999999999601,16,1,3,4,5,6,7,9,10,11,12,13
-4.695000000000313,16,1,2,3,5,6,7,8,10,11,13,15
-4.504999999999939,1,3,4,5,6,7,8,10,11,13,14,15
-6.174999999999784,1,3,4,5,6,7,9,10,11,12,14,15
0.5149999999996169,16,1,2,3,4,5,8,9,10,11,13,15
-3.1499999999999346,1,2,4,5,6,7,9,10,11,13,14,15
-3.2100000000001145,16,1,2,4,5,6,8,9,10,11,12,13
-1.144999999999655,16,1,3,4,5,6,7,8,9,11,13,14
2.190000000000012,2,3,4,5,6,8,9,10,11,12,13,15
4.020000000000131,2,3,4,5,7,8,9,10,11,12,13,14
-14.74500000000004,16,1,3,4,5,6,7,8,10,11,12,15
-8.175000000000082,16,1,2,3,5,6,7,8,9,12,14,15
-7.180000000000348,16,1,2,3,4,5,6,9,10,13,14,15
-2.904999999999788,16,1,2,3,5,6,7,9,10,11,13,15
-8.500000000000291,16,1,2,3,4,5,6,8,11,13,14,15
2.2900000000001413,16,1,2,3,4,6,8,9,10,12,13,14
-0.25000000000004974,16,1,2,4,5,6,7,8,9,12,13,15
-7.0849999999995745,16,1,2,3,4,7,8,9,10,11,12,15
-0.7149999999999608,16,1,2,4,5,6,7,8,10,11,13,15
-8.019999999999811,2,3,4,5,6,7,8,10,11,13,14,15
-0.7900000000001413,1,2,4,5,6,8,9,10,11,13,14,15
-5.180000000000007,16,1,3,4,5,6,7,8,9,12,13,14
-4.5399999999999,1,2,3,4,6,7,10,11,12,13,14,15
-7.199999999999754,16,1,2,3,4,5,7,9,11,12,13,15
-12.964999999999591,16,1,3,4,5,6,7,9,10,11,12,14
0.9800000000000182,1,2,3,5,6,8,9,10,12,13,14,15
-7.959999999999958,1,2,4,5,6,7,8,11,12,13,14,15
-4.809999999999725,1,2,3,5,7,8,9,10,11,13,14,15
-5.014999999999965,1,3,4,5,6,7,8,10,12,13,14,15
6.57500000000023,16,1,2,3,4,7,8,9,10,11,13,14
-13.674999999999748,16,1,2,3,4,5,7,8,11,12,14,15
-10.564999999999458,16,1,2,3,4,6,7,9,10,11,14,15
10.520000000000088,1,2,3,4,6,8,9,11,12,13,14,15
5.529999999999767,16,1,2,3,5,6,8,9,10,11,13,14
9.910000000000473,1,2,3,4,7,8,9,10,12,13,14,15
-6.380000000000173,1,2,3,5,6,7,9,11,12,13,14,15
2.785000000000011,16,1,2,4,5,6,7,8,10,12,13,14
-1.6449999999999179,16,1,2,3,4,6,7,9,10,12,13,15
-2.054999999999893,16,1,2,3,4,5,8,9,11,12,13,14
-2.8549999999998334,16,1,2,3,6,7,8,9,10,11,12,13
-3.9849999999997365,16,1,2,3,4,5,7,10,11,12,13,14
-6.924999999999585,16,2,3,4,5,6,7,8,9,10,13,15
-7.685000000000073,16,1,3,4,5,6,7,8,9,11,13,15
-7.324999999999832,16,1,2,3,4,5,7,9,10,12,14,15
1.7950000000000443,16,1,2,3,5,6,8,9,10,11,12,15
-1.6549999999996956,16,1,2,3,4,6,7,8,9,13,14,15
-10.2999999999996,16,1,2,3,4,6,7,8,10,12,14,15
8.0549999999999,16,1,2,3,4,5,8,9,10,12,13,15
-15.46499999999996,16,1,2,3,5,6,7,8,10,11,14,15
-12.48500000000039,16,1,2,3,5,6,7,8,11,12,13,14
-5.979999999999748,16,1,2,3,4,5,6,9,11,12,14,15
-6.47999999999972,16,1,3,4,5,6,7,8,9,10,14,15
0.9599999999998516,1,2,3,4,5,8,10,11,12,13,14,15
-8.194999999999851,16,2,3,4,5,6,7,8,10,11,12,14
0.26999999999987523,16,1,3,4,5,6,8,9,10,11,12,13
0.26499999999995083,1,3,4,6,7,8,9,10,11,12,13,14
-1.0450000000004707,1,2,5,6,7,8,9,10,11,12,13,14
-4.774999999999686,16,2,3,4,5,6,7,8,9,11,12,15
-9.060000000000414,16,1,2,3,4,5,8,9,10,11,14,15
3.109999999999829,1,3,4,5,7,8,9,10,11,12,13,15
-5.399999999999238,16,2,3,4,5,6,7,9,10,11,12,13
-0.46499999999981867,16,1,2,3,4,6,7,9,11,12,13,14
2.1200000000002532,16,1,2,4,5,6,7,8,9,11,14,15
-3.06499999999955,16,1,2,4,5,7,8,9,10,11,12,13
-0.3199999999998582,16,1,3,4,5,6,7,8,10,11,13,14
0.5849999999997451,16,1,2,3,4,5,6,10,11,12,13,15
-8.385000000000204,16,1,2,3,4,5,6,7,12,13,14,15
-5.869999999999692,1,2,3,6,7,8,9,10,11,12,14,15
-5.9799999999999685,16,1,2,4,5,6,8,9,10,11,12,14
-0.7150000000000176,16,1,2,3,5,7,8,9,10,11,12,14
0.47000000000011966,16,1,2,3,4,6,8,9,10,11,13,15
9.59500000000012,1,2,4,6,7,8,9,10,11,12,13,15
-7.009999999999714,2,3,4,5,6,7,9,10,11,12,14,15
-0.29500000000030724,2,3,4,5,6,7,8,9,12,13,14,15
-6.4450000000003485,16,1,2,3,4,6,7,8,11,12,13,15
-6.794999999999746,1,3,4,5,6,8,9,10,11,12,14,15
6.6150000000000375,1,2,4,5,7,8,9,10,11,12,14,15
-5.065000000000012,16,1,2,3,5,6,7,8,10,12,13,15
-11.209999999999582,16,1,2,3,4,5,7,8,10,13,14,15
-11.510000000000247,16,1,2,4,5,6,7,9,10,11,12,15
-6.320000000000107,1,2,4,5,6,7,9,10,12,13,14,15
-9.81499999999982,16,2,3,4,5,6,7,8,9,11,13,14
-5.139999999999844,16,1,2,4,5,6,7,9,10,11,13,14
-10.474999999999639,16,1,2,3,5,6,7,9,10,12,13,14
-2.4549999999996643,1,3,4,5,6,7,9,10,11,13,14,15
-0.1900000000002393,1,2,5,6,7,8,9,10,11,12,13,15
-11.455000000000183,1,3,5,6,7,8,9,10,11,12,13,14
-4.2650000000000645,2,3,4,6,7,8,9,10,11,12,13,14
2.7550000000000097,2,3,4,5,7,8,9,10,11,12,13,15
9.249999999999929,1,3,4,6,7,8,9,10,11,12,13,15
-2.4799999999997056,16,1,2,3,5,7,8,9,10,11,12,15
-4.064999999999657,16,1,2,3,4,5,7,9,11,12,14,15
10.98000000000033,1,2,3,4,7,8,9,11,12,13,14,15
-9.2250000000004,16,1,2,4,5,6,7,8,11,12,13,14
-4.745000000000388,16,1,2,3,4,5,6,8,12,13,14,15
-7.014999999999489,16,1,2,3,4,6,8,9,10,11,14,15
-0.7799999999997027,2,3,4,5,6,7,8,10,12,13,14,15
-1.8249999999996973,1,3,4,5,6,7,9,10,12,13,14,15
-0.8399999999995345,1,2,3,5,7,8,9,10,12,13,14,15
-0.5099999999996143,16,1,2,4,5,7,8,9,10,11,12,14
4.6300000000002015,1,2,3,4,6,8,10,11,12,13,14,15
-4.760000000000069,16,2,3,4,5,6,7,8,9,12,13,14
-11.255000000000358,16,1,2,3,5,6,7,8,11,12,13,15
2.6100000000001415,16,1,2,3,5,7,8,9,10,11,13,14
-6.229999999999976,16,1,2,3,5,6,7,9,11,12,13,14
5.294999999999909,16,1,2,3,5,6,8,9,10,11,13,15
-16.205000000000013,16,1,2,3,4,5,7,8,11,13,14,15
-3.339999999999833,16,1,2,4,5,6,8,9,10,11,12,15
-8.005000000000102,16,1,2,3,4,5,6,9,11,13,14,15
1.6050000000003877,16,1,2,4,5,6,7,8,9,12,14,15
-15.339999999999549,16,2,3,4,5,6,7,8,10,11,12,15
9.29499999999964,1,2,4,5,6,8,9,10,12,13,14,15
-8.74499999999962,16,2,3,4,5,6,7,8,9,10,14,15
15.145000000000621,16,1,2,3,4,7,8,9,10,12,13,14
-4.655000000000108,16,1,2,4,5,6,7,9,10,11,13,15
-1.924999999999791,2,3,4,5,6,8,9,10,11,12,14,15
-14.244999999999713,16,1,2,3,4,6,7,9,10,12,14,15
-14.244999999999692,16,1,2,3,4,5,6,10,11,12,14,15
2.5649999999998556,16,1,2,4,5,6,7,8,10,12,13,15
-17.359999999999935,16,1,2,3,5,6,7,8,10,12,14,15
-13.00999999999982,16,1,2,3,4,6,7,8,11,12,14,15
-1.3050000000001916,16,1,2,3,4,6,7,9,11,12,13,15
-7.595000000000219,16,1,2,4,5,6,8,9,10,11,13,14
-11.349999999999852,16,2,3,4,5,6,7,8,9,11,13,15
-3.254999999999697,1,3,4,5,7,8,9,10,11,12,14,15
2.045000000000357,1,2,3,6,7,8,9,10,11,13,14,15
-9.094999999999558,16,1,2,3,4,5,7,9,10,13,14,15
-12.3250000000004,1,2,3,5,6,7,10,11,12,13,14,15
-2.6449999999995626,16,1,2,3,5,6,7,9,10,12,13,15
-2.849999999999767,16,1,3,4,5,6,7,8,9,11,14,15
-0.4450000000004266,16,1,2,3,4,5,8,10,11,12,13,14
-0.15000000000021174,1,3,4,5,6,8,9,10,11,13,14,15
-4.41999999999976,16,1,2,4,5,6,7,9,10,12,13,14
-9.979999999999386,16,1,2,3,4,6,7,8,10,13,14,15
-5.304999999999751,16,2,3,4,5,6,7,9,10,11,12,14
1.4500000000001805,1,2,4,6,7,8,9,10,11,12,14,15
-4.510000000000019,16,2,3,4,5,6,7,8,10,11,13,14
1.2050000000002044,16,1,2,3,4,7,8,9,10,11,13,15
1.8350000000000577,1,2,4,5,7,8,9,10,11,13,14,15
0.9200000000001296,16,1,3,4,5,7,8,9,10,11,12,13
-2.3800000000002015,16,1,2,3,4,6,8,9,11,12,13,14
-11.54499999999993,16,1,3,4,5,6,8,9,10,11,12,14
-2.3500000000002004,16,1,3,4,5,6,7,8,10,12,13,14
-7.060000000000173,16,1,3,4,5,6,7,8,10,11,13,15
-11.754999999999654,16,1,2,4,5,6,7,8,10,11,14,15
-10.404999999999767,2,3,4,5,6,7,9,10,11,13,14,15
-6.140000000000029,1,2,3,4,5,9,10,11,12,13,14,15
-13.695000000000057,16,1,2,3,6,7,8,9,10,11,12,14
4.92000000000013,16,1,2,4,6,7,8,9,10,11,12,13
-3.4899999999995046,16,1,3,4,5,6,7,9,10,11,13,14
-3.225000000000101,16,1,2,3,4,5,8,9,10,12,14,15
4.799999999999919,1,2,3,5,6,8,9,11,12,13,14,15
-6.505000000000038,16,1,3,4,5,6,7,9,10,11,12,15
-5.580000000000034,16,1,2,3,5,6,7,8,9,13,14,15
-5.93500000000023,16,2,3,4,5,6,8,9,10,11,12,13
-3.415000000000063,16,1,2,3,5,6,8,9,10,12,13,14
3.664999999999978,16,1,2,3,4,5,8,9,11,12,13,15
1.9350000000001657,16,1,2,3,4,6,7,10,11,12,13,14
-10.73999999999986,16,1,2,3,5,6,7,9,10,11,14,15
-5.8350000000001785,1,3,4,5,6,7,8,11,12,13,14,15
-3.014999999999887,1,2,4,5,6,7,9,11,12,13,14,15
7.825000000000102,16,1,2,3,4,6,8,9,10,12,13,15
-4.850000000000165,16,1,3,4,5,6,7,8,9,12,13,15
-5.40499999999993,16,1,2,3,4,5,7,10,11,12,13,15
-2.7200000000003826,1,4,5,6,7,8,9,10,11,12,13,14
0.5550000000001774,2,3,4,5,7,8,9,10,11,12,14,15
-9.515000000000683,2,3,5,6,7,8,9,10,11,12,13,14
0.9300000000003195,2,3,4,6,7,8,9,10,11,12,13,15
10.200000000000372,1,2,3,4,7,8,10,11,12,13,14,15
-8.874999999999531,16,1,2,3,4,6,7,9,10,13,14,15
-7.424999999999635,16,1,3,4,5,6,7,9,10,12,13,14
-6.450000000000372,1,2,4,5,6,7,10,11,12,13,14,15
-3.430000000000021,1,3,5,6,7,8,9,10,11,12,13,15
-3.484999999999907,16,1,2,3,4,5,7,8,12,13,14,15
-6.1249999999995595,16,1,2,3,4,6,7,9,11,12,14,15
-13.254999999999782,16,1,2,3,4,6,7,8,11,13,14,15
-0.9749999999999872,16,1,3,4,5,6,8,9,10,11,12,15
-3.100000000000122,16,1,2,4,5,6,8,9,10,11,13,15
-11.864999999999846,16,1,2,3,5,6,7,9,10,12,14,15
-11.569999999999752,1,3,4,6,7,8,9,10,11,12,14,15
-2.609999999999701,16,1,2,3,4,6,8,9,10,12,14,15
0.8600000000001415,16,1,3,4,6,7,8,9,10,11,12,13
-4.724999999999582,16,2,3,4,5,6,7,8,9,11,14,15
9.240000000000514,1,2,4,5,7,8,9,10,12,13,14,15
-1.3850000000002254,16,1,2,3,4,6,8,10,11,12,13,14
-9.03499999999967,16,1,2,3,6,7,8,9,10,11,12,15
-9.829999999999522,16,1,2,3,4,5,7,9,11,13,14,15
-5.47499999999981,16,1,3,4,5,6,7,8,11,12,13,14
-2.844999999999885,16,1,3,4,5,7,8,9,10,11,12,14
3.7900000000001697,16,1,2,3,6,7,8,9,10,11,13,14
3.9700000000000415,16,1,2,3,5,6,8,9,10,12,13,15
-1.015000000000171,16,2,3,4,5,6,7,8,10,12,13,14
-11.274999999999494,16,2,3,4,5,6,7,9,10,11,12,15
1.4099999999996413,16,1,2,3,4,5,8,10,11,12,13,15
-8.050000000000075,16,1,2,3,5,6,7,9,11,12,13,15
2.1249999999999787,16,1,2,3,4,5,8,9,11,12,14,15
-7.844999999999395,2,3,4,5,6,7,8,11,12,13,14,15
-0.4949999999997843,1,2,5,6,7,8,9,10,11,12,14,15
-13.3449999999998,16,1,2,3,5,6,7,8,10,13,14,15
-7.544999999999867,16,2,3,4,5,6,7,8,10,11,13,15
-1.6399999999997732,2,3,4,5,6,8,9,10,11,13,14,15
-9.249999999999737,2,3,4,5,6,7,9,10,12,13,14,15
4.710000000000804,1,2,3,6,7,8,9,10,12,13,14,15
-8.929999999999986,16,1,2,3,5,6,7,10,11,12,13,14
1.125000000000341,16,2,3,4,5,7,8,9,10,11,12,13
-0.019999999999782858,16,1,2,4,5,7,8,9,10,11,13,14
-0.9250000000004732,1,3,4,5,6,8,9,10,12,13,14,15
7.644999999999577,16,1,2,3,4,6,8,9,11,12,13,15
-10.225000000000207,16,1,2,3,4,5,6,10,11,13,14,15
-7.8499999999998735,16,1,2,3,4,5,9,10,11,12,13,14
-4.320000000000206,16,1,2,3,4,5,6,9,12,13,14,15
5.055000000000355,16,1,2,3,4,7,8,9,10,12,13,15
-9.269999999999982,16,1,2,4,5,6,7,9,10,12,13,15
1.7450000000002035,1,2,4,5,6,8,9,11,12,13,14,15
-3.8600000000000705,16,1,3,4,5,6,8,9,10,11,13,14
-16.760000000000126,16,1,3,4,5,6,7,8,10,11,14,15
-11.879999999999917,16,1,2,3,4,5,7,10,11,12,14,15
-5.659999999999869,1,3,4,5,7,8,9,10,11,13,14,15
2.9449999999996592,16,1,2,3,5,6,8,9,11,12,13,14
-6.344999999999523,16,1,2,4,5,6,7,8,10,12,14,15
-3.9699999999997004,16,1,2,4,5,7,8,9,10,11,12,15
-4.950000000000095,16,1,2,4,5,6,7,8,11,12,13,15
-14.830000000000368,16,1,2,3,5,6,7,8,11,12,14,15
-1.220000000000141,16,1,2,3,4,5,8,9,10,13,14,15
-2.9899999999995757,16,1,2,3,4,7,8,9,10,11,14,15
-1.5700000000000003,16,1,2,3,5,7,8,9,10,11,13,15
-1.5300000000001006,16,1,2,5,6,7,8,9,10,11,12,13
-0.6900000000000972,1,3,4,5,6,7,9,11,12,13,14,15
-1.0249999999998707,1,2,3,5,7,8,9,11,12,13,14,15
-1.6449999999999818,1,2,3,4,6,9,10,11,12,13,14,15
0.3400000000000958,16,1,2,3,5,6,8,9,10,11,14,15
-7.219999999999871,16,2,3,4,5,6,7,9,10,11,13,14
-10.049999999999855,16,1,3,4,5,6,7,8,9,12,14,15
-0.29499999999968196,16,1,3,4,5,6,7,9,10,11,13,15
-7.360000000000149,16,2,3,4,5,6,8,9,10,11,12,14
-5.094999999999892,16,1,2,4,6,7,8,9,10,11,12,14
1.3149999999996922,16,1,2,4,5,6,8,9,10,12,13,14
0.8850000000003746,16,1,2,3,5,7,8,9,10,12,13,14
-2.9149999999996865,16,1,2,4,5,6,7,8,9,13,14,15
-2.825000000000152,1,2,3,5,6,8,10,11,12,13,14,15
-0.4150000000001768,16,1,2,3,4,6,7,10,11,12,13,15
-7.319999999999673,16,1,2,4,5,6,7,9,11,12,13,14
-5.060000000000123,16,1,2,4,5,6,7,9,10,11,14,15
-0.9100000000000605,16,2,3,4,5,6,7,8,9,12,13,15
-4.065000000000133,16,1,3,4,5,6,7,8,10,12,13,15
4.075000000000088,16,1,2,3,4,7,8,9,11,12,13,14
3.855000000000345,1,2,4,6,7,8,9,10,11,13,14,15
2.0250000000001833,16,2,3,4,5,7,8,9,10,11,12,14
-5.2950000000001864,2,3,5,6,7,8,9,10,11,12,13,15
-2.3800000000005426,2,4,5,6,7,8,9,10,11,12,13,14
11.134999999999827,1,2,4,6,7,8,9,10,12,13,14,15
2.3500000000003283,1,2,4,5,7,8,9,11,12,13,14,15
-0.4549999999998917,16,1,2,4,5,7,8,9,10,11,13,15
-17.669999999999675,16,1,2,3,4,6,7,10,11,12,14,15
0.2500000000006679,16,1,2,3,6,7,8,9,10,12,13,14
-1.9949999999999974,16,1,2,3,5,7,8,9,11,12,13,14
-5.2250000000003425,16,1,2,3,4,5,9,10,11,12,13,15
-5.580000000000105,16,2,3,4,5,6,8,9,10,11,12,15
4.199999999999534,1,4,5,6,7,8,9,10,11,12,13,15
-7.735000000000099,2,3,4,6,7,8,9,10,11,12,14,15
-5.2550000000005,16,1,2,4,5,6,8,9,11,12,13,14
-5.7649999999999295,16,1,2,3,5,6,8,9,10,12,14,15
-1.1599999999998616,16,1,3,4,5,7,8,9,10,11,12,15
-0.45999999999948216,1,2,3,4,7,9,10,11,12,13,14,15
-8.824999999999939,16,1,2,4,5,6,7,8,11,12,14,15
-6.519999999999811,16,2,3,4,5,6,8,9,10,11,13,14
2.350000000000044,16,1,2,4,6,7,8,9,10,11,13,14
-6.485000000000163,16,1,3,4,5,6,7,8,9,13,14,15
-9.609999999999658,16,1,2,3,5,6,7,9,10,13,14,15
-1.875000000000199,16,1,2,4,5,6,7,10,11,12,13,14
-1.0699999999999292,16,2,3,4,5,6,7,8,9,12,14,15
-5.944999999999482,16,2,3,4,6,7,8,9,10,11,12,13
-14.199999999999534,1,3,5,6,7,8,9,10,11,12,14,15
-2.66999999999976,1,3,4,5,7,8,9,10,12,13,14,15
-6.045000000000066,16,1,2,3,5,6,7,9,11,12,14,15
-14.555000000000248,16,1,2,3,4,5,8,10,11,12,14,15
-3.3249999999998394,16,1,2,3,4,6,9,10,11,12,13,14
-3.929999999999879,2,3,4,5,6,7,9,11,12,13,14,15
-7.999999999999943,16,1,3,5,6,7,8,9,10,11,12,13
-4.124999999999702,16,1,2,3,4,6,8,9,10,13,14,15
-11.24000000000018,16,1,2,3,4,5,6,10,12,13,14,15
-6.840000000000039,16,1,2,3,5,7,8,9,10,11,14,15
-6.375000000000107,1,2,3,5,7,8,10,11,12,13,14,15
-1.945000000000114,2,3,4,5,7,8,9,10,11,13,14,15
-1.4349999999996044,16,1,3,4,5,6,7,9,11,12,13,14
-14.205000000000112,16,1,2,3,5,6,7,8,11,13,14,15
-2.1400000000001995,1,2,4,5,6,8,10,11,12,13,14,15
-3.475000000000314,16,1,2,3,5,6,8,10,11,12,13,14
1.0649999999997988,16,1,2,3,4,5,8,9,11,13,14,15
-8.254999999999576,16,2,3,4,5,6,7,8,11,12,13,14
-17.799999999999947,16,2,3,4,5,6,7,8,10,11,14,15
-8.244999999999614,16,1,2,4,5,6,7,8,10,13,14,15
-14.424999999999699,16,1,2,3,4,5,7,10,11,13,14,15
-8.729999999999968,16,1,2,4,5,6,7,9,11,12,13,15
-1.4549999999994228,16,1,2,3,4,7,8,9,10,12,14,15
2.905000000000385,16,1,2,3,4,5,7,9,12,13,14,15
4.0799999999998136,16,1,2,3,4,6,8,10,11,12,13,15
14.389999999999972,16,1,2,3,4,7,8,10,11,12,13,14
3.7700000000002873,16,1,3,4,5,6,7,9,10,12,13,15
3.434999999999725,16,1,2,3,4,7,8,9,11,12,13,15
6.499999999999808,16,1,2,3,5,6,8,9,11,12,13,15
-2.4650000000001597,16,1,3,4,5,6,8,9,10,11,13,15
-7.359999999999957,16,1,2,5,6,7,8,9,10,11,12,14
-6.98999999999949,16,1,2,4,6,7,8,9,10,11,12,15
3.975000000000392,16,1,2,3,5,7,8,9,10,12,13,15
-16.68000000000002,16,1,3,4,5,6,7,8,10,12,14,15
-8.829999999999487,16,2,3,4,5,6,7,9,10,11,13,15
5.695000000000775,16,1,2,4,5,7,8,9,10,12,13,14
7.004999999999988,1,2,3,6,7,8,9,11,12,13,14,15
-6.080000000000382,16,1,2,3,4,6,7,8,12,13,14,15
-5.625000000000242,16,1,3,4,5,6,8,9,10,12,13,14
2.6450000000003797,16,2,3,4,5,6,7,8,10,12,13,15
-6.219999999999956,1,3,4,5,6,7,10,11,12,13,14,15
-2.8799999999993773,1,3,4,6,7,8,9,10,11,13,14,15
-13.929999999999893,16,1,3,4,6,7,8,9,10,11,12,14
0.15000000000008384,16,1,3,4,5,7,8,9,10,11,13,14
-5.1450000000002305,1,2,3,5,6,9,10,11,12,13,14,15
-8.405000000000086,16,1,2,4,5,6,7,9,10,12,14,15
-4.289999999999772,16,1,2,3,4,6,7,9,11,13,14,15
-2.109999999999971,1,2,5,6,7,8,9,10,11,13,14,15
2.8550000000001106,2,3,4,5,6,8,9,10,12,13,14,15
-2.850000000000115,1,3,4,5,6,8,9,11,12,13,14,15
-6.264999999999979,16,1,3,4,5,6,7,8,11,12,13,15
3.4199999999995967,16,1,2,4,5,6,8,9,10,12,13,15
-1.6999999999996405,16,1,2,4,5,6,8,9,10,11,14,15
-1.4599999999996314,16,1,2,3,4,6,8,9,11,12,14,15
-6.290000000000276,16,1,2,3,5,6,7,10,11,12,13,15
-10.074999999999854,16,2,3,4,5,6,7,9,10,12,13,14
-0.47499999999975273,16,1,3,4,5,6,7,9,10,11,14,15
-1.5149999999998798,16,1,2,3,6,7,8,9,10,11,13,15
-7.2150000000000745,16,2,3,5,6,7,8,9,10,11,12,13
-17.505000000000017,1,3,5,6,7,8,9,10,11,13,14,15
-9.495000000000232,2,3,5,6,7,8,9,10,11,12,14,15
-12.675000000000267,3,4,5,6,7,8,9,10,11,12,13,14
2.7650000000000006,16,2,3,4,5,7,8,9,10,11,13,14
-8.935000000000016,16,2,3,4,5,6,7,8,10,12,14,15
5.210000000000072,16,1,2,4,5,6,8,9,10,12,14,15
4.809999999999917,16,1,2,3,5,6,8,9,11,12,14,15
-8.375000000000412,16,2,3,4,5,6,8,9,10,12,13,14
0.1600000000002595,16,1,4,5,6,7,8,9,10,11,12,13
-5.270000000000437,16,1,2,4,5,6,8,10,11,12,13,14
9.339999999999868,16,1,2,3,4,5,8,9,12,13,14,15
-0.009999999999301679,16,1,2,3,4,7,8,9,10,13,14,15
-1.8000000000001037,16,1,2,4,5,6,8,9,11,12,13,15
4.099999999999902,16,1,2,3,4,6,9,10,11,12,13,15
-1.8899999999994108,16,2,3,4,5,6,7,9,11,12,13,14
-1.5399999999998855,16,1,2,4,5,7,8,9,10,11,14,15
-12.30000000000011,16,1,2,3,4,5,9,10,11,12,14,15
-11.109999999999971,16,2,3,4,6,7,8,9,10,11,12,14
-1.0099999999999483,2,4,5,6,7,8,9,10,11,12,13,15
2.730000000000132,1,4,5,6,7,8,9,10,11,12,14,15
0.2900000000002336,2,3,4,5,6,8,9,11,12,13,14,15
-11.019999999999662,16,1,3,4,5,6,7,9,10,12,14,15
-3.5999999999996177,16,1,2,3,4,5,7,10,12,13,14,15
-6.995000000000061,16,1,3,4,5,6,8,9,11,12,13,14
2.930000000000497,16,1,2,3,6,7,8,9,10,12,13,15
-15.194999999999986,16,1,2,3,5,6,7,10,11,12,14,15
-9.425000000000011,16,1,3,4,6,7,8,9,10,11,12,15
-1.3800000000002512,16,1,2,4,5,6,7,10,11,12,13,15
-8.040000000000433,16,1,2,3,4,5,8,10,11,13,14,15
-1.2299999999998406,16,1,2,3,4,6,7,9,12,13,14,15
-12.644999999999818,16,1,2,4,5,6,7,8,11,13,14,15
-2.4999999999999005,16,1,2,3,5,7,8,9,11,12,13,15
-0.23500000000007049,16,1,2,3,5,7,8,10,11,12,13,14
-6.704999999999842,2,3,4,6,7,8,9,10,11,13,14,15
-10.190000000000111,1,2,4,5,6,9,10,11,12,13,14,15
-1.780000000000058,16,1,2,3,6,7,8,9,11,12,13,14
-5.619999999999159,16,2,3,4,5,6,7,9,10,12,13,15
-5.359999999999879,16,1,2,5,6,7,8,9,10,11,12,15
2.334999999999667,16,1,2,3,5,6,8,10,11,12,13,15
-2.305000000000007,16,1,2,5,6,7,8,9,10,11,13,14
2.7999999999996987,1,2,4,5,7,8,10,11,12,13,14,15
-2.8299999999997354,16,1,3,4,5,6,8,9,10,11,14,15
0.7000000000003155,16,1,2,3,4,7,8,9,11,12,14,15
-7.654999999999916,16,1,2,4,5,6,7,9,10,13,14,15
-9.24500000000014,16,1,2,3,4,5,6,11,12,13,14,15
-5.369999999999521,16,1,2,3,4,6,7,10,11,13,14,15
-13.775000000000347,16,1,2,3,5,6,7,8,12,13,14,15
-4.6049999999996345,16,1,2,3,5,7,8,9,10,12,14,15
0.38000000000078415,16,1,3,4,6,7,8,9,10,11,13,14
-7.8449999999997715,16,2,3,4,5,7,8,9,10,11,12,15
-0.6549999999998235,16,1,2,3,4,6,8,9,11,13,14,15
-4.854999999999897,16,1,3,4,5,6,7,9,11,12,13,15
2.544999999999895,16,1,2,3,4,7,8,10,11,12,13,15
-10.775000000000198,16,1,3,4,5,6,7,8,10,13,14,15
-9.960000000000122,1,2,3,5,7,9,10,11,12,13,14,15
13.52500000000014,1,2,3,4,8,9,10,11,12,13,14,15
-17.85000000000018,16,1,3,5,6,7,8,9,10,11,12,14
-6.839999999999037,16,2,3,4,5,6,7,8,11,12,13,15
1.5400000000000986,16,1,3,4,5,7,8,9,10,12,13,14
-10.634999999999678,16,2,3,4,5,6,7,9,10,11,14,15
-5.479999999999819,16,1,2,4,5,6,7,9,11,12,14,15
-17.56499999999975,16,1,3,4,5,6,7,8,11,12,14,15
-5.575000000000188,1,3,4,5,7,8,9,11,12,13,14,15
-6.334999999999695,2,3,4,5,6,7,10,11,12,13,14,15
-4.079999999999515,16,1,2,4,5,7,8,9,11,12,13,14
0.22999999999972687,16,1,3,4,5,6,8,9,10,12,13,15
0.04500000000011539,1,2,3,6,7,8,10,11,12,13,14,15
2.740000000000002,2,3,4,5,7,8,9,10,12,13,14,15
-4.564999999999436,16,1,2,3,6,7,8,9,10,11,14,15
-13.164999999999687,16,1,2,3,4,6,8,10,11,12,14,15
-10.749999999999915,16,1,2,3,5,6,7,9,11,13,14,15
-0.8249999999997328,16,1,3,4,5,6,7,10,11,12,13,14
-0.8449999999998496,1,3,4,6,7,8,9,10,12,13,14,15
-3.2850000000002098,16,1,2,3,5,6,9,10,11,12,13,14
-5.200000000000017,16,1,3,4,5,7,8,9,10,11,13,15
2.735000000000504,16,1,2,4,5,7,8,9,10,12,13,15
-1.7249999999999872,16,1,2,3,5,6,8,9,10,13,14,15
4.255000000000635,16,1,2,3,4,7,9,10,11,12,13,14
-2.000000000000206,1,3,4,5,6,8,10,11,12,13,14,15
10.870000000000196,16,1,2,4,6,7,8,9,10,12,13,14
1.5700000000004124,16,1,2,4,6,7,8,9,10,11,13,15
-6.300000000000232,16,2,3,4,5,6,7,8,9,13,14,15
7.92499999999999,1,2,4,6,7,8,9,11,12,13,14,15
4.3650000000003075,1,2,5,6,7,8,9,10,12,13,14,15
-4.090000000000046,16,2,3,4,5,6,8,9,10,11,13,15
-6.354999999999777,1,3,5,6,7,8,9,10,12,13,14,15
-5.714999999999812,3,4,5,6,7,8,9,10,11,12,13,15
1.3500000000002927,2,4,5,6,7,8,9,10,11,12,14,15
-9.939999999999898,16,2,3,4,5,6,7,9,10,12,14,15
-1.3099999999996683,16,1,3,4,5,6,7,10,11,12,13,15
-5.619999999999955,16,1,2,3,5,6,7,9,12,13,14,15
3.1749999999997485,16,1,2,4,6,7,8,9,11,12,13,14
0.27000000000058577,16,1,3,4,6,7,8,9,10,11,13,15
0.5599999999999383,16,2,3,4,5,6,8,9,10,12,13,15
0.9850000000001913,1,2,4,5,7,9,10,11,12,13,14,15
-2.3449999999998496,16,2,3,4,5,7,8,9,10,11,13,15
-6.629999999999903,16,1,3,4,5,6,7,9,11,12,14,15
0.24499999999970612,16,1,2,4,5,6,8,10,11,12,13,15
-3.5149999999997164,16,1,3,4,5,7,8,9,10,11,14,15
2.3150000000003175,16,1,2,4,5,6,8,9,11,12,14,15
-4.339999999999776,16,1,3,4,5,6,7,9,10,13,14,15
-9.794999999999376,16,2,3,4,5,6,7,8,11,12,14,15
-7.554999999999737,16,1,2,3,5,7,9,10,11,12,13,14
0.27500000000035385,16,1,3,4,5,7,8,9,10,12,13,15
0.7850000000005153,16,1,2,4,5,7,8,9,10,12,14,15
-8.44999999999979,16,1,2,3,4,6,7,10,12,13,14,15
-13.539999999999985,16,1,2,3,5,6,7,10,11,13,14,15
-3.1800000000001845,16,1,2,5,6,7,8,9,10,11,13,15
-10.955000000000041,16,2,3,4,5,6,7,8,10,13,14,15
-4.774999999999601,16,1,4,5,6,7,8,9,10,11,12,14
4.58500000000037,16,1,3,4,6,7,8,9,10,12,13,14
-6.52999999999988,16,2,4,5,6,7,8,9,10,11,12,13
-11.270000000000252,2,3,5,6,7,8,9,10,11,13,14,15
2.554999999999886,16,1,2,3,6,7,8,10,11,12,13,14
1.0149999999997874,16,1,3,4,5,6,8,9,11,12,13,15
-9.219999999999821,16,1,2,4,5,6,7,9,11,13,14,15
-3.340000000000245,16,1,2,4,5,6,7,8,12,13,14,15
-14.04999999999957,16,1,2,3,4,6,9,10,11,12,14,15
-16.254999999999427,16,2,3,4,6,7,8,9,10,11,12,15
-2.4700000000001836,16,1,2,3,6,7,8,9,11,12,13,15
-5.2549999999998676,1,3,4,5,7,8,10,11,12,13,14,15
-0.13500000000019696,16,1,2,4,5,6,8,9,10,13,14,15
1.095000000000212,1,4,5,6,7,8,9,10,11,13,14,15
-6.12499999999978,16,2,3,4,5,6,8,9,10,11,14,15
-13.77999999999993,16,1,2,4,5,6,7,10,11,12,14,15
-1.3300000000004744,2,3,4,6,7,8,9,10,12,13,14,15
2.424999999999663,2,3,4,5,7,8,9,11,12,13,14,15
-5.185000000000251,16,1,3,4,5,7,8,9,11,12,13,14
-7.649999999999778,16,1,3,4,5,6,8,9,10,12,14,15
0.015000000000256364,1,2,3,6,7,9,10,11,12,13,14,15
-14.285000000000394,16,2,3,5,6,7,8,9,10,11,12,14
-9.864999999999853,16,1,2,3,5,6,8,10,11,12,14,15
-0.5699999999997019,16,1,2,5,6,7,8,9,10,12,13,14
-12.44499999999978,16,1,2,3,4,5,7,11,12,13,14,15
2.909999999999741,16,1,2,3,5,6,8,9,11,13,14,15
-3.7650000000001,16,1,2,3,4,5,8,10,12,13,14,15
5.610000000000241,16,1,2,4,6,7,8,9,10,12,13,15
2.075000000000095,1,3,4,6,7,8,9,11,12,13,14,15
5.085000000000335,2,3,4,5,6,8,10,11,12,13,14,15
-5.435000000000215,16,1,3,4,5,6,8,10,11,12,13,14
-10.284999999999712,16,1,2,3,4,7,8,10,11,12,14,15
1.9400000000001967,16,1,2,3,5,6,9,10,11,12,13,15
-8.41000000000004,16,2,3,4,5,6,8,9,11,12,13,14
0.2850000000002737,16,1,2,3,4,7,8,9,11,13,14,15
-7.784999999999464,16,1,2,3,6,7,8,9,10,12,14,15
2.794999999999817,16,1,2,3,5,7,8,9,11,12,14,15
7.715000000000053,1,2,4,6,7,8,10,11,12,13,14,15
-9.705000000000318,16,1,2,3,4,5,9,10,11,13,14,15
-8.949999999999648,16,1,3,5,6,7,8,9,10,11,12,15
2.835000000000015,16,2,3,4,5,7,8,9,10,12,13,14
1.510000000000069,1,2,5,6,7,8,9,11,12,13,14,15
-0.3549999999998761,1,3,4,5,6,9,10,11,12,13,14,15
-2.394999999999513,16,1,2,4,5,7,8,9,11,12,13,15
7.30499999999995,16,1,2,3,4,6,8,9,12,13,14,15
2.954999999999899,16,1,2,4,5,7,8,10,11,12,13,14
8.08499999999993,16,1,2,3,4,8,9,10,11,12,13,14
1.2449999999996493,1,2,3,5,8,9,10,11,12,13,14,15
-1.0749999999996618,16,2,3,4,5,6,7,10,11,12,13,14
-2.0750000000001236,16,1,2,3,4,7,9,10,11,12,13,15
-14.24499999999989,16,1,3,5,6,7,8,9,10,11,13,14
-11.865000000000116,16,1,3,4,5,6,7,8,11,13,14,15
-7.204999999999863,16,1,2,3,4,6,8,10,11,13,14,15
-4.330000000000041,16,1,2,3,5,7,8,10,11,12,13,15
-0.20999999999947505,16,1,2,4,6,7,8,9,10,11,14,15
-6.905000000000186,16,1,2,4,5,6,9,10,11,12,13,14
-6.434999999999363,16,2,3,4,5,6,7,9,11,12,13,15
-5.30499999999995,16,1,2,3,5,7,8,9,10,13,14,15
-6.199999999999534,16,2,3,4,6,7,8,9,10,11,13,14
-11.30000000000026,3,4,5,6,7,8,9,10,11,12,14,15
-5.454999999999856,2,4,5,6,7,8,9,10,11,13,14,15
-1.0449999999999946,1,2,4,6,7,9,10,11,12,13,14,15
-8.545000000000186,16,1,2,4,5,6,9,10,11,12,13,15
-4.214999999999733,16,1,3,4,5,6,8,9,11,12,14,15
-3.414999999999651,16,1,2,3,4,7,8,10,11,13,14,15
3.5650000000002464,16,1,2,4,5,7,8,9,11,12,14,15
-7.624999999999304,16,2,3,4,6,7,8,9,10,11,13,15
9.384999999999891,1,2,3,6,8,9,10,11,12,13,14,15
-11.650000000000112,16,1,2,3,5,7,8,10,11,12,14,15
-7.700000000000017,16,2,3,5,6,7,8,9,10,11,13,14
-8.245000000000722,2,3,5,6,7,8,9,10,12,13,14,15
4.149999999999999,1,2,4,5,8,9,10,11,12,13,14,15
8.214999999999705,16,1,2,4,6,7,8,10,11,12,13,14
-1.9800000000003948,16,2,3,4,6,7,8,9,10,12,13,14
-3.8299999999999628,16,1,2,3,5,7,8,9,11,13,14,15
-2.2149999999992716,2,3,4,5,6,9,10,11,12,13,14,15
-11.934999999999704,16,2,3,5,6,7,8,9,10,11,12,15
-1.5450000000002504,16,1,3,4,5,6,8,10,11,12,13,15
-0.45499999999982776,16,1,2,3,4,6,9,10,11,13,14,15
-15.854999999999876,16,1,3,4,5,6,7,10,11,12,14,15
-9.554999999999886,16,1,2,4,5,6,7,10,11,13,14,15
3.074999999999818,16,1,2,4,5,7,8,10,11,12,13,15
1.8750000000008669,16,1,2,4,5,7,9,10,11,12,13,14
-2.3549999999997198,16,1,4,5,6,7,8,9,10,11,13,14
-7.240000000000059,16,1,3,5,6,7,8,9,10,12,13,14
13.310000000000237,16,1,2,3,4,7,8,9,12,13,14,15
8.039999999999559,16,1,2,3,4,8,9,10,11,12,13,15
0.18500000000035044,16,1,2,5,6,7,8,9,10,12,13,15
-10.829999999999771,16,1,2,4,5,6,8,10,11,12,14,15
3.48999999999981,16,1,2,3,5,6,8,9,12,13,14,15
-8.455000000000389,16,1,3,4,5,7,8,9,11,12,13,15
4.959999999999965,1,4,5,6,7,8,9,10,12,13,14,15
-1.6149999999995543,2,3,4,6,7,8,9,11,12,13,14,15
-8.734999999999886,1,3,4,5,7,9,10,11,12,13,14,15
-3.545000000000215,1,3,5,6,7,8,9,11,12,13,14,15
6.985000000000191,2,3,4,5,7,8,10,11,12,13,14,15
-4.879999999999114,16,2,3,4,5,6,7,10,11,12,13,15
-2.8649999999998457,16,1,2,3,4,6,8,10,12,13,14,15
-2.7100000000004982,16,2,3,4,5,6,8,9,10,12,14,15
0.14499999999973312,16,2,3,4,5,7,8,9,11,12,13,14
0.08499999999978769,16,2,3,4,5,6,8,9,11,12,13,15
-4.6300000000002015,16,1,3,4,5,6,8,9,10,13,14,15
-10.040000000000155,16,1,3,4,5,6,7,8,12,13,14,15
-5.034999999999847,16,2,3,4,5,7,8,9,10,11,14,15
-8.205000000000318,16,1,2,3,4,5,8,11,12,13,14,15
-1.3749999999995595,16,1,2,3,6,7,8,9,10,13,14,15
2.5250000000000554,16,1,2,4,6,7,8,9,11,12,13,15
-4.400000000000162,16,1,2,3,5,6,8,10,11,13,14,15
-6.179999999999197,16,1,3,4,6,7,8,9,10,11,14,15
-8.459999999999944,16,1,3,4,5,7,8,9,10,12,14,15
0.7700000000004437,16,1,2,4,6,7,8,9,10,12,14,15
-2.439999999999813,16,1,3,4,5,6,7,9,11,13,14,15
-3.0650000000004454,16,1,2,3,6,7,8,10,11,12,13,15
-6.664999999999814,16,1,3,5,6,7,8,9,10,11,13,15
-18.734999999999765,16,2,3,4,5,6,7,8,11,13,14,15
-0.9099999999996911,16,1,3,4,6,7,8,9,11,12,13,14
1.9600000000005906,1,3,4,6,7,8,10,11,12,13,14,15
-2.1649999999997647,16,1,2,5,6,7,8,9,10,11,14,15
-7.430000000000462,1,2,5,6,7,8,10,11,12,13,14,15
-4.514999999999887,16,1,2,4,5,6,8,9,11,13,14,15
0.4400000000003814,16,1,2,4,5,7,8,9,10,13,14,15
-7.6449999999998965,16,3,4,5,6,7,8,9,10,11,12,13
-4.910000000000025,16,2,4,5,6,7,8,9,10,11,12,14
-3.600000000000236,16,1,2,3,4,5,9,10,12,13,14,15
-0.3800000000000523,16,1,4,5,6,7,8,9,10,11,12,15
-15.144999999999996,16,1,2,3,5,6,7,10,12,13,14,15
-7.729999999999514,16,1,2,3,4,7,9,10,11,12,14,15
-4.359999999999815,16,1,3,4,5,6,9,10,11,12,13,14
-3.154999999999852,16,1,2,3,6,7,9,10,11,12,13,14
4.505000000000813,16,2,3,4,5,7,8,9,10,12,13,15
-1.4749999999994543,16,2,3,4,5,6,7,9,11,12,14,15
-0.9400000000002038,16,1,2,5,6,7,8,9,11,12,13,14
-3.874999999999936,16,2,3,4,5,6,8,10,11,12,13,14
-2.530000000000122,16,1,2,3,6,7,8,9,11,12,14,15
-5.290000000000006,16,1,2,4,5,6,7,9,12,13,14,15
-11.759999999999906,16,2,3,4,5,6,7,9,10,13,14,15
-10.465000000000096,16,1,2,3,4,6,7,11,12,13,14,15
-4.654999999999788,16,1,2,3,5,7,9,10,11,12,13,15
-6.945000000000022,16,1,2,3,5,6,9,10,11,12,14,15
-4.220000000000148,16,1,3,4,5,7,8,10,11,12,13,14
2.0900000000000247,16,1,3,4,6,7,8,9,10,12,13,15
4.809999999999974,16,1,2,3,5,8,9,10,11,12,13,14
2.860000000000319,2,4,5,6,7,8,9,10,12,13,14,15
-11.47999999999982,3,4,5,6,7,8,9,10,11,13,14,15
7.279999999999809,1,2,4,6,8,9,10,11,12,13,14,15
-9.31999999999988,16,2,3,5,6,7,8,9,10,11,13,15
-11.825000000000088,16,1,2,4,5,6,9,10,11,12,14,15
3.5749999999999105,16,1,3,5,6,7,8,9,10,12,13,15
-6.339999999999705,16,2,3,4,5,6,9,10,11,12,13,14
-0.990000000000137,1,3,4,5,8,9,10,11,12,13,14,15
5.92500000000004,16,1,4,5,6,7,8,9,10,12,13,14
-4.790000000000077,16,1,2,3,4,8,9,10,11,12,14,15
-1.744999999999628,16,1,2,4,5,7,8,9,11,13,14,15
-17.634999999999643,16,1,3,4,5,6,8,10,11,12,14,15
-5.955000000000169,16,1,2,3,4,6,8,11,12,13,14,15
0.3649999999998883,16,1,3,4,6,7,8,9,11,12,13,15
-11.389999999999503,16,1,3,5,6,7,8,9,10,11,14,15
-10.975000000000513,16,3,4,5,6,7,8,9,10,11,12,14
-4.164999999999537,16,1,3,4,5,7,9,10,11,12,13,14
-6.945000000000114,16,1,3,4,5,7,8,10,11,12,13,15
-3.7649999999999224,16,1,3,4,5,7,8,9,11,12,14,15
0.7450000000000401,16,1,2,3,6,7,8,9,11,13,14,15
0.010000000000147224,16,1,2,3,6,7,9,10,11,12,13,15
-8.239999999999803,16,1,3,4,5,6,7,10,11,13,14,15
-9.10499999999955,16,2,4,5,6,7,8,9,10,11,12,15
-4.040000000000099,16,2,3,4,5,7,8,9,10,12,14,15
-4.065000000000161,16,1,2,5,6,7,8,10,11,12,13,14
2.16500000000007,16,1,2,3,5,7,8,9,12,13,14,15
-8.034999999999677,16,2,3,4,5,6,7,9,11,13,14,15
-5.069999999999908,16,1,2,3,4,5,9,11,12,13,14,15
4.015000000000022,16,1,2,3,5,8,9,10,11,12,13,15
-6.719999999999928,16,1,3,4,5,7,8,9,10,13,14,15
-8.78000000000035,2,3,5,6,7,8,9,11,12,13,14,15
-8.03500000000026,16,2,3,5,6,7,8,9,10,12,13,14
5.429999999999907,16,1,2,3,6,8,9,10,11,12,13,14
0.745000000000168,16,1,2,4,6,7,8,9,11,12,14,15
10.320000000000121,16,2,3,4,5,7,8,10,11,12,13,14
-2.584999999999958,16,1,2,5,6,7,8,9,11,12,13,15
-6.91000000000021,16,2,4,5,6,7,8,9,10,11,13,14
-5.529999999999866,16,1,2,3,5,7,9,10,11,12,14,15
-12.435000000000343,16,1,2,4,5,7,8,10,11,12,14,15
2.0400000000002194,16,1,2,4,6,7,8,9,10,13,14,15
-3.85999999999963,16,1,2,3,4,7,9,10,11,13,14,15
6.509999999999415,16,1,2,4,5,6,8,9,12,13,14,15
-2.190000000000296,16,1,3,4,5,6,8,9,11,13,14,15
-6.104999999999848,16,2,3,4,6,7,8,9,11,12,13,14
2.2599999999998985,16,1,2,4,5,8,9,10,11,12,13,14
4.855000000000345,16,1,2,3,4,7,8,10,12,13,14,15
-0.30999999999998096,16,1,4,5,6,7,8,9,10,11,13,15
6.044999999999888,16,1,2,4,6,7,8,10,11,12,13,15
3.7250000000000085,16,1,3,4,5,6,9,10,11,12,13,15
-10.25000000000015,16,1,2,4,5,6,8,10,11,13,14,15
-13.930000000000355,16,1,2,3,5,6,7,11,12,13,14,15
3.224999999999916,16,2,3,4,5,6,8,10,11,12,13,15
0.2999999999998266,1,4,5,6,7,8,9,11,12,13,14,15
-4.32999999999992,16,2,3,4,5,6,8,9,10,13,14,15
-7.315000000000076,16,1,2,4,5,6,7,10,12,13,14,15
-0.5250000000001265,16,2,3,4,5,7,8,9,11,12,13,15
-7.604999999999507,16,2,3,4,6,7,8,9,10,11,14,15
-1.6200000000002177,16,1,2,3,5,6,9,10,11,13,14,15
3.4800000000002314,2,3,4,6,7,8,10,11,12,13,14,15
-13.020000000000081,1,3,5,6,7,8,10,11,12,13,14,15
-1.9550000000002044,2,3,4,5,7,9,10,11,12,13,14,15
0.8850000000004812,1,3,4,6,7,9,10,11,12,13,14,15
-0.804999999999616,16,1,2,5,6,7,8,9,10,12,14,15
10.96000000000027,1,2,3,7,8,9,10,11,12,13,14,15
2.8800000000005213,16,1,3,4,6,7,8,10,11,12,13,14
-13.584999999999745,16,1,3,4,6,7,8,9,10,12,14,15
6.170000000000158,16,1,2,4,6,7,9,10,11,12,13,14
-4.660000000000004,16,1,2,3,4,6,9,10,12,13,14,15
-3.1649999999996297,16,2,3,4,6,7,8,9,10,12,13,15
-7.060000000000485,1,2,5,6,7,9,10,11,12,13,14,15
-3.8749999999999645,16,1,3,4,5,6,7,9,12,13,14,15
1.6050000000001816,16,2,3,4,5,6,8,9,11,12,14,15
-4.749999999999531,16,2,3,4,5,6,7,8,12,13,14,15
-14.234999999999609,16,2,3,4,5,6,7,10,11,12,14,15
-5.765000000000008,16,1,3,5,6,7,8,9,11,12,13,14
-11.744999999999933,16,1,2,3,5,6,8,10,12,13,14,15
-11.184999999999917,16,1,2,3,6,7,8,10,11,12,14,15
-8.435000000000166,16,1,2,3,5,7,8,10,11,13,14,15
-2.4550000000000054,16,1,2,4,5,7,9,10,11,12,13,15
-4.90000000000024,1,3,5,6,7,9,10,11,12,13,14,15
-9.794999999999824,3,4,5,6,7,8,9,10,12,13,14,15
-2.0399999999997362,2,4,5,6,7,8,9,11,12,13,14,15
-3.08499999999961,16,2,3,4,5,6,9,10,11,12,13,15
-12.039999999999893,16,2,3,5,6,7,8,9,10,11,14,15
2.730000000000288,16,2,3,4,6,7,8,10,11,12,13,14
-10.16000000000028,16,1,3,5,6,7,8,10,11,12,13,14
-6.260000000000026,16,1,3,4,5,7,8,9,11,13,14,15
-2.26499999999983,16,1,2,4,5,8,9,10,11,12,13,15
-6.8099999999992775,16,1,3,4,6,7,8,9,10,13,14,15
-1.0449999999999164,16,2,3,4,5,6,7,9,12,13,14,15
-11.809999999999917,16,1,2,3,5,7,9,10,11,13,14,15
-10.110000000000277,2,3,5,6,7,8,10,11,12,13,14,15
-2.5699999999998298,16,1,4,5,6,7,8,9,11,12,13,14
-10.249999999999488,16,1,3,4,6,7,8,9,11,12,14,15
-6.0449999999996535,16,1,2,5,6,7,8,9,10,13,14,15
-0.4950000000003456,16,1,2,4,5,6,8,10,12,13,14,15
-7.325000000000074,16,1,2,4,5,6,9,10,11,13,14,15
3.2650000000004766,16,1,3,4,6,7,9,10,11,12,13,14
13.65499999999998,16,1,2,3,7,8,9,10,11,12,13,14
-2.730000000000402,16,1,2,5,6,7,8,10,11,12,13,15
-0.0949999999997786,16,1,3,4,5,7,9,10,11,12,13,15
-5.34999999999976,16,2,3,4,5,6,8,9,11,13,14,15
-3.125000000000213,16,1,2,4,6,7,9,10,11,12,13,15
-1.7299999999993076,16,1,2,3,4,7,9,10,12,13,14,15
0.4150000000004468,16,1,2,4,6,7,8,9,11,13,14,15
-3.815000000000211,16,1,2,4,5,7,8,10,11,13,14,15
4.215000000000352,16,1,4,5,6,7,8,9,10,11,14,15
3.050000000000061,16,1,4,5,6,7,8,9,10,12,13,15
-0.274999999999892,16,1,3,4,6,7,8,10,11,12,13,15
-4.6899999999997775,16,3,4,5,6,7,8,9,10,11,13,14
-7.975000000000165,16,1,2,3,4,7,8,11,12,13,14,15
3.0150000000000503,16,1,2,5,6,7,8,9,11,12,14,15
-10.265000000000072,16,2,3,4,5,6,7,10,11,13,14,15
-1.6349999999998843,1,4,5,6,7,8,10,11,12,13,14,15
-6.254999999999903,16,2,4,5,6,7,8,9,10,11,13,15
-0.13000000000010203,16,1,2,3,4,6,9,11,12,13,14,15
-1.329999999999984,16,1,3,5,6,7,8,9,11,12,13,15
-8.304999999999687,16,1,3,5,6,7,8,9,10,12,14,15
-5.114999999999995,16,1,2,4,5,7,9,10,11,12,14,15
-8.17999999999983,16,2,3,5,6,7,8,9,11,12,13,14
-11.710000000000349,16,1,3,4,5,6,8,10,11,13,14,15
5.2450000000004735,16,1,2,4,5,7,8,9,12,13,14,15
-3.765000000000427,16,1,3,4,5,6,8,9,12,13,14,15
-16.030000000000037,16,1,3,4,5,7,8,10,11,12,14,15
0.3750000000002487,16,2,3,4,5,7,8,10,11,12,13,15
-7.049999999999791,16,1,2,3,5,7,8,10,12,13,14,15
-10.95499999999982,16,1,3,4,5,6,9,10,11,12,14,15
-11.064999999999515,16,1,2,3,6,7,9,10,11,12,14,15
-11.699999999999939,16,2,3,4,5,6,8,10,11,12,14,15
-6.554999999999673,2,3,4,6,7,9,10,11,12,13,14,15
-8.560000000000102,16,3,4,5,6,7,8,9,10,11,12,15
-7.205000000000169,16,2,3,4,6,7,8,9,10,12,14,15
-10.859999999999964,16,1,3,4,5,6,7,10,12,13,14,15
1.0650000000001327,16,1,2,3,4,8,9,10,11,13,14,15
1.320000000000121,16,1,2,3,6,7,8,9,12,13,14,15
-8.089999999998987,16,2,3,4,6,7,8,9,11,12,13,15
-5.124999999999957,16,1,2,3,5,6,9,10,12,13,14,15
-6.23500000000044,16,1,2,3,5,6,8,11,12,13,14,15
-2.5000000000002913,16,1,2,3,5,8,9,10,11,12,14,15
-9.360000000000156,16,1,2,3,4,5,10,11,12,13,14,15
4.729999999999691,16,1,2,4,6,8,9,10,11,12,13,14
-1.3950000000000173,16,1,2,3,6,7,8,10,11,13,14,15
-1.2899999999998428,16,2,3,4,5,7,8,9,10,13,14,15
6.135000000000282,2,3,4,5,8,9,10,11,12,13,14,15
3.4449999999999363,1,3,4,6,8,9,10,11,12,13,14,15
1.7349999999997365,1,2,5,6,8,9,10,11,12,13,14,15
-0.6550000000001219,16,2,4,5,6,7,8,9,10,12,13,14
3.410000000000167,16,2,3,4,5,7,8,9,11,12,14,15
-9.214999999999762,16,1,2,4,6,7,8,10,11,12,14,15
13.97000000000051,1,2,4,7,8,9,10,11,12,13,14,15
-3.3149999999999764,16,1,2,5,6,7,9,10,11,12,13,14
-10.945000000000093,16,1,2,4,5,6,7,11,12,13,14,15
1.2600000000003888,16,2,3,4,5,7,9,10,11,12,13,14
10.554999999999758,16,1,2,3,6,8,9,10,11,12,13,15
-2.290000000000461,16,1,3,4,5,8,9,10,11,12,13,14
-5.689999999999799,16,2,3,5,6,7,8,9,10,12,13,15
-5.599999999999923,16,2,4,5,6,7,8,9,11,12,13,14
4.19000000000036,2,3,4,6,8,9,10,11,12,13,14,15
-11.280000000000335,3,4,5,6,7,8,9,11,12,13,14,15
0.5000000000000071,16,1,3,4,5,6,9,10,11,13,14,15
0.7350000000002765,16,1,2,3,4,7,9,11,12,13,14,15
-8.90999999999994,16,1,2,4,6,7,9,10,11,12,14,15
-0.03499999999973369,16,2,4,5,6,7,8,9,10,12,13,15
-5.804999999999737,16,2,3,4,5,6,9,10,11,12,14,15
-4.7149999999996695,16,1,2,3,5,7,9,10,12,13,14,15
-8.310000000000294,16,2,3,5,6,7,8,10,11,12,13,14
-5.1850000000002865,16,1,3,5,6,7,9,10,11,12,13,14
-11.26499999999956,16,2,3,5,6,7,8,9,11,12,13,15
-2.4350000000006347,16,1,3,4,5,8,9,10,11,12,13,15
4.539999999999672,16,2,3,4,5,6,8,9,12,13,14,15
-15.485000000000333,16,1,2,3,5,7,8,11,12,13,14,15
-6.1249999999997655,16,2,4,5,6,7,8,9,10,11,14,15
1.4700000000003755,16,1,4,5,6,7,8,9,10,12,14,15
-7.045000000000073,16,1,3,4,5,7,9,10,11,12,14,15
-2.265000000000235,16,1,4,5,6,7,8,9,11,12,13,15
-6.454999999999764,16,2,3,4,6,7,8,9,11,12,14,15
1.430000000000021,16,1,2,4,5,7,8,10,12,13,14,15
0.4750000000000938,16,1,4,5,6,7,8,10,11,12,13,14
6.935000000000308,2,4,5,6,7,8,10,11,12,13,14,15
-11.220000000000326,2,3,5,6,7,9,10,11,12,13,14,15
-5.269999999999953,16,1,2,5,6,7,8,9,11,13,14,15
-1.004999999999825,16,1,2,4,6,7,8,10,11,13,14,15
-0.3049999999998576,16,1,3,4,6,8,9,10,11,12,13,14
-3.054999999999211,16,2,3,4,6,7,8,10,11,12,13,15
-3.8649999999999736,16,2,3,4,5,7,8,9,11,13,14,15
7.104999999999855,16,1,2,4,6,7,8,9,12,13,14,15
-2.0399999999999707,1,4,5,6,7,9,10,11,12,13,14,15
-12.305000000000256,16,1,3,4,5,7,8,10,11,13,14,15
0.6099999999996655,16,1,2,3,5,8,9,10,11,13,14,15
-8.050000000000146,16,1,3,5,6,7,8,10,11,12,13,15
-13.019999999999897,16,1,2,5,6,7,8,10,11,12,14,15
-12.045000000000059,16,1,3,5,6,7,8,9,10,13,14,15
4.384999999999479,16,1,2,3,7,8,9,10,11,12,13,15
-7.870000000000509,16,1,2,4,5,6,9,10,12,13,14,15
-10.005000000000003,16,2,3,4,5,7,8,10,11,12,14,15
-2.6549999999997382,16,2,3,4,5,7,9,10,11,12,13,15
-0.10000000000054854,1,3,5,6,8,9,10,11,12,13,14,15
-5.125000000000149,16,2,3,4,5,6,8,10,11,13,14,15
1.669999999999817,16,1,2,3,5,6,9,11,12,13,14,15
3.4599999999999085,16,1,2,4,6,8,9,10,11,12,13,15
-7.294999999999739,16,1,3,4,5,6,7,11,12,13,14,15
-4.769999999999868,16,1,2,4,5,7,9,10,11,13,14,15
7.609999999999815,16,1,2,5,6,8,9,10,11,12,13,14
-3.3000000000001393,16,1,2,5,6,7,9,10,11,12,13,15
5.014999999999908,1,3,4,7,8,9,10,11,12,13,14,15
5.220000000000219,1,2,5,7,8,9,10,11,12,13,14,15
11.1400000000001,16,1,2,3,4,8,9,10,12,13,14,15
-5.405000000000143,16,1,2,4,5,8,9,10,11,12,14,15
0.1999999999996902,16,1,3,4,5,7,8,9,12,13,14,15
-4.6250000000000995,16,1,2,3,4,6,10,11,12,13,14,15
-8.614999999999633,16,2,3,4,5,6,7,10,12,13,14,15
-6.545000000000094,16,2,3,4,6,7,8,9,10,13,14,15
1.7800000000001006,16,2,3,4,5,8,9,10,11,12,13,14
-3.919999999999682,16,3,4,5,6,7,8,9,10,11,13,15
-16.600000000000428,16,1,3,4,5,6,8,10,12,13,14,15
-4.69499999999956,16,2,3,4,6,7,9,10,11,12,13,14
-10.339999999999996,16,3,4,5,6,7,8,9,10,12,13,14
-1.5499999999994998,16,1,3,4,6,7,8,9,11,13,14,15
-19.709999999999873,16,1,3,4,6,7,8,10,11,12,14,15
-0.2149999999997121,16,1,2,3,6,7,9,10,11,13,14,15
16.260000000000268,16,1,2,4,7,8,9,10,11,12,13,14
-4.649999999999729,16,1,2,3,6,7,8,10,12,13,14,15
0.8250000000000242,16,1,2,3,6,8,9,10,11,12,14,15
-9.440000000000083,16,1,2,4,5,6,8,11,12,13,14,15
-12.124999999999915,16,2,3,5,6,7,8,9,10,12,14,15
-3.204999999999849,16,1,3,5,6,7,8,9,11,12,14,15
5.050000000000388,16,1,3,4,6,7,9,10,11,12,13,15
3.6550000000002,16,2,4,5,6,7,8,10,11,12,13,14
-3.4450000000000003,2,4,5,6,7,9,10,11,12,13,14,15
-4.929999999999971,3,4,5,6,7,8,10,11,12,13,14,15
6.200000000000571,16,1,2,5,7,8,9,10,11,12,13,14
-12.130000000000173,16,1,3,4,5,7,8,10,12,13,14,15
-5.2099999999997735,16,1,3,4,5,6,9,10,12,13,14,15
2.584999999999809,16,1,2,4,6,7,8,10,12,13,14,15
2.5600000000004925,16,1,4,5,6,7,8,9,11,12,14,15
-3.8149999999993867,16,1,4,5,6,7,8,9,10,13,14,15
-0.4800000000005369,16,1,3,5,6,8,9,10,11,12,13,14
-3.0399999999997576,16,2,3,4,5,6,9,10,11,13,14,15
1.4500000000001236,2,3,5,6,8,9,10,11,12,13,14,15
2.3949999999993565,1,4,5,6,8,9,10,11,12,13,14,15
8.809999999999626,16,1,3,4,7,8,9,10,11,12,13,14
-14.204999999999856,16,2,3,4,6,7,8,10,11,12,14,15
-6.994999999999607,16,2,3,4,6,8,9,10,11,12,13,14
-8.28999999999936,16,2,3,4,6,7,9,10,11,12,13,15
8.435000000000265,16,1,2,3,6,8,9,10,11,13,14,15
0.8299999999998846,16,1,4,5,6,7,8,10,11,12,13,15
7.479999999999876,16,2,3,4,5,7,8,9,12,13,14,15
-13.134999999999607,16,1,3,4,6,7,9,10,11,12,14,15
2.165000000000333,16,1,3,5,6,7,9,10,11,12,13,15
-10.374999999999993,16,1,3,4,5,6,8,11,12,13,14,15
3.180000000000163,16,1,2,3,7,8,9,10,11,12,14,15
-11.66999999999998,16,2,3,5,6,7,8,9,10,13,14,15
-3.9349999999998673,16,1,3,5,6,7,8,9,11,13,14,15
-4.1349999999994225,16,1,3,4,6,7,8,10,11,13,14,15
-6.209999999999795,16,2,3,5,6,7,8,9,11,12,14,15
11.584999999999987,2,3,4,7,8,9,10,11,12,13,14,15
-8.004999999999221,16,2,3,4,5,6,7,11,12,13,14,15
-4.800000000000111,16,1,2,3,5,6,10,11,12,13,14,15
6.190000000000026,16,1,2,4,7,8,9,10,11,12,13,15
-2.275000000000169,16,2,3,4,5,6,8,10,12,13,14,15
-1.3249999999997186,16,3,4,5,6,7,8,9,10,12,13,15
6.314999999999721,16,1,3,4,6,8,9,10,11,12,13,15
0.3850000000000193,16,2,3,4,5,7,9,10,11,12,14,15
-7.914999999999523,16,2,3,4,6,7,8,9,11,13,14,15
-8.089999999999861,16,1,3,4,5,7,9,10,11,13,14,15
-10.429999999999936,16,1,2,4,5,6,9,11,12,13,14,15
-17.189999999999856,16,1,3,5,6,7,8,10,11,12,14,15
-1.5600000000001586,16,2,3,4,5,7,8,10,11,13,14,15
-1.124999999999467,16,1,2,4,5,7,9,10,12,13,14,15
-11.869999999999798,1,3,5,7,8,9,10,11,12,13,14,15
13.464999999999634,1,2,6,7,8,9,10,11,12,13,14,15
-0.36499999999968935,16,2,4,5,6,7,8,9,10,12,14,15
-7.184999999999839,16,2,3,5,6,7,8,10,11,12,13,15
-5.130000000000209,16,1,3,4,5,8,9,10,11,12,14,15
-9.215000000000089,16,3,4,5,6,7,8,9,11,12,13,14
-8.140000000000256,16,2,3,5,6,7,9,10,11,12,13,14
8.350000000000058,16,1,2,3,4,8,9,11,12,13,14,15
-5.2450000000000045,16,1,2,5,6,7,9,10,11,12,14,15
1.9249999999999687,16,1,4,5,6,7,9,10,11,12,13,14
0.36499999999981725,16,2,3,4,5,8,9,10,11,12,13,15
-0.9049999999998022,16,1,2,5,6,7,8,9,12,13,14,15
-7.53499999999994,16,1,2,3,5,7,9,11,12,13,14,15
-2.3799999999998604,16,1,2,4,6,8,9,10,11,12,14,15
-12.550000000000267,16,1,2,4,5,7,8,11,12,13,14,15
-1.9449999999994816,16,1,2,3,6,7,9,10,12,13,14,15
3.060000000000123,16,1,2,3,5,8,9,10,12,13,14,15
3.5850000000000577,16,1,2,5,6,8,9,10,11,12,13,15
-2.4299999999999358,16,1,2,4,5,8,9,10,11,13,14,15
-12.03500000000033,16,1,2,3,6,7,8,11,12,13,14,15
-1.835000000000015,16,1,3,4,6,7,8,9,12,13,14,15
1.6900000000001114,16,1,2,4,6,7,9,10,11,13,14,15
-3.329999999999721,16,1,2,3,4,7,10,11,12,13,14,15
-6.079999999999913,16,3,4,5,6,7,8,9,10,11,14,15
-0.43999999999950035,16,2,4,5,6,7,8,9,11,12,13,15
-8.68499999999991,16,1,2,5,6,7,8,10,11,13,14,15
2.5499999999996916,1,4,5,7,8,9,10,11,12,13,14,15
-2.1950000000004124,2,3,5,7,8,9,10,11,12,13,14,15
-5.570000000000121,3,4,5,6,7,9,10,11,12,13,14,15
-1.4950000000001396,16,1,4,5,6,7,9,10,11,12,13,15
-6.9850000000000065,16,2,4,5,6,7,8,9,10,13,14,15
-11.989999999999775,16,1,3,4,6,7,8,10,12,13,14,15
-0.3900000000000219,16,1,3,4,5,6,9,11,12,13,14,15
-9.910000000000139,16,1,2,3,5,7,10,11,12,13,14,15
1.4800000000003308,16,2,4,5,6,7,8,9,11,12,14,15
-10.28000000000025,16,1,2,4,5,6,10,11,12,13,14,15
-8.225000000000158,16,1,2,4,6,7,8,11,12,13,14,15
2.3049999999999855,16,1,2,3,7,8,9,10,11,13,14,15
-6.675000000000047,16,2,3,4,5,6,9,10,12,13,14,15
-6.784999999999862,16,3,4,5,6,7,8,9,11,12,13,15
-5.2599999999998985,16,2,3,4,5,6,8,11,12,13,14,15
-5.954999999999664,16,1,3,4,5,7,9,10,12,13,14,15
6.640000000000029,16,1,2,4,5,8,9,10,12,13,14,15
11.754999999999463,16,1,3,5,6,8,9,10,11,12,13,15
-4.1249999999999645,16,2,3,4,5,7,9,10,11,13,14,15
-4.3849999999997,16,1,4,5,6,7,8,9,11,13,14,15
4.135000000000609,16,1,3,4,6,7,9,10,11,13,14,15
-5.035000000000444,16,1,3,5,6,7,8,9,12,13,14,15
3.7300000000002953,16,1,2,5,6,8,9,10,11,12,14,15
1.99500000000031,2,4,5,6,8,9,10,11,12,13,14,15
-0.45500000000043883,16,1,3,4,7,8,9,10,11,12,13,15
1.2600000000000193,1,3,6,7,8,9,10,11,12,13,14,15
-6.980000000000139,16,1,2,5,6,7,8,10,12,13,14,15
1.5849999999996385,16,1,2,3,6,7,9,11,12,13,14,15
-5.875000000000256,16,2,3,4,5,8,9,10,11,12,14,15
-6.044999999999639,16,2,3,4,6,7,8,10,11,13,14,15
-2.429999999999829,16,3,4,5,6,7,8,10,11,12,13,14
-2.910000000000011,16,2,4,5,6,7,9,10,11,12,13,14
3.4549999999999343,16,1,2,3,4,8,10,11,12,13,14,15
0.14999999999959357,16,2,3,4,6,7,8,9,12,13,14,15
-7.7899999999998215,16,2,3,5,6,7,9,10,11,12,13,15
-6.509999999999906,16,1,2,5,6,7,9,10,11,13,14,15
13.729999999999691,16,2,3,4,7,8,9,10,11,12,13,14
6.015000000000178,16,2,4,5,6,7,8,10,11,12,13,15
-19.775000000000283,16,1,3,4,5,7,8,11,12,13,14,15
4.260000000000325,16,2,3,4,5,7,8,10,12,13,14,15
-10.06000000000023,16,3,4,5,6,7,8,9,10,12,14,15
-5.240000000000542,16,1,3,4,5,8,9,10,11,13,14,15
7.3899999999999935,16,1,2,3,5,8,9,11,12,13,14,15
-13.469999999999963,16,2,3,4,6,7,9,10,11,12,14,15
-1.509999999999927,16,2,3,5,6,8,9,10,11,12,13,14
2.4549999999999272,16,1,4,5,6,8,9,10,11,12,13,14
1.4050000000003564,16,1,2,5,7,8,9,10,11,12,13,15
2.225000000000037,16,1,2,4,7,8,9,10,11,12,14,15
-2.4449999999998298,16,1,2,4,6,8,9,10,11,13,14,15
-2.63500000000014,16,1,2,4,6,7,9,10,12,13,14,15
-17.065000000000147,16,2,3,5,6,7,8,10,11,12,14,15
-16.375000000000007,16,1,3,5,6,7,8,10,11,13,14,15
-5.819999999999261,16,1,2,4,5,7,9,11,12,13,14,15
-1.0249999999998494,16,2,3,4,6,8,9,10,11,12,13,15
-10.319999999999574,16,1,3,5,6,7,9,10,11,12,14,15
-11.590000000000018,16,1,4,5,6,7,8,10,11,12,14,15
-10.969999999999693,16,1,3,4,6,8,9,10,11,12,14,15
-0.895000000000266,16,1,3,5,7,8,9,10,11,12,13,14
12.309999999999327,16,1,2,6,7,8,9,10,11,12,13,14
-13.799999999999486,16,2,3,5,6,7,8,9,11,13,14,15
7.120000000000282,16,1,2,3,6,8,9,10,12,13,14,15
-5.6050000000001035,16,3,4,5,6,7,9,10,11,12,13,14
13.355000000000388,2,4,5,7,8,9,10,11,12,13,14,15
1.4300000000005824,3,4,5,6,8,9,10,11,12,13,14,15
-5.374999999999822,16,1,4,5,6,7,8,10,11,13,14,15
-7.559999999999974,16,1,3,4,7,8,9,10,11,12,14,15
10.179999999999808,16,1,2,4,6,8,9,10,12,13,14,15
-0.27999999999988034,16,2,3,4,5,7,9,10,12,13,14,15
-6.049999999999827,16,1,2,5,6,7,9,10,12,13,14,15
8.125000000000007,16,1,2,6,7,8,9,10,11,12,13,15
-4.605000000000068,16,1,4,5,6,7,9,10,11,12,14,15
-4.7700000000003016,16,1,4,5,6,7,8,9,12,13,14,15
-3.989999999999533,16,1,3,4,6,7,9,10,12,13,14,15
-4.689999999999856,16,1,3,4,5,6,10,11,12,13,14,15
-9.42499999999955,16,1,3,4,6,7,8,11,12,13,14,15
2.435000000000045,16,2,3,4,5,8,9,10,11,13,14,15
-4.125000000000178,16,1,2,3,5,8,10,11,12,13,14,15
1.949999999999804,2,3,6,7,8,9,10,11,12,13,14,15
-17.815000000000573,16,1,3,5,6,7,8,10,12,13,14,15
-2.0149999999995245,16,1,3,4,6,8,9,10,11,13,14,15
12.46499999999996,16,1,2,3,6,8,9,11,12,13,14,15
0.3549999999999969,16,1,2,3,4,9,10,11,12,13,14,15
-9.725000000000193,16,2,3,5,6,7,9,10,11,12,14,15
-3.9099999999998616,16,2,3,4,5,6,9,11,12,13,14,15
-4.254999999999967,16,1,2,4,6,7,9,11,12,13,14,15
-2.039999999999779,16,1,3,5,6,8,9,10,11,12,14,15
8.194999999999496,1,4,6,7,8,9,10,11,12,13,14,15
-5.840000000000089,16,2,4,5,6,8,9,10,11,12,13,14
5.054999999999701,16,2,3,5,7,8,9,10,11,12,13,14
-5.1599999999997905,16,2,4,5,6,7,8,10,11,12,14,15
-5.814999999999877,16,3,4,5,6,7,8,10,11,12,13,15
-7.0749999999999815,16,1,3,5,6,7,9,10,11,13,14,15
6.235000000000092,16,1,2,3,7,8,9,10,12,13,14,15
-12.874999999999979,16,1,2,5,6,7,8,11,12,13,14,15
-6.304999999999936,16,3,4,5,6,7,8,9,11,12,14,15
3.430000000000163,16,1,4,5,7,8,9,10,11,12,13,14
0.18499999999954042,16,2,3,4,6,7,8,10,12,13,14,15
-1.0050000000003365,16,1,3,4,5,8,9,10,12,13,14,15
-11.42999999999973,16,1,3,4,5,7,9,11,12,13,14,15
0.2250000000006338,16,1,2,5,7,8,9,10,11,12,14,15
-0.9350000000004286,16,1,3,6,7,8,9,10,11,12,13,14
-7.560000000000237,16,2,3,5,6,7,8,9,12,13,14,15
-3.365000000000002,16,1,2,3,6,7,10,11,12,13,14,15
-7.965000000000067,16,2,4,5,6,7,8,9,11,13,14,15
-8.295000000000051,16,2,3,4,6,8,9,10,11,12,14,15
-5.904999999999831,16,3,4,5,6,7,8,9,10,13,14,15
0.3750000000004121,16,1,2,4,5,8,9,11,12,13,14,15
5.649999999999999,16,1,2,4,7,8,9,10,11,13,14,15
-3.290000000000134,16,1,2,4,5,7,10,11,12,13,14,15
-6.8399999999996695,16,2,4,5,6,7,9,10,11,12,13,15
-11.790000000000404,16,2,3,5,6,7,8,10,11,13,14,15
-4.9499999999997755,16,2,3,4,5,7,8,11,12,13,14,15
-2.7799999999999017,16,1,3,5,7,8,9,10,11,12,13,15
3.089999999999627,16,1,4,5,6,8,9,10,11,12,13,15
0.5200000000000955,16,2,3,4,7,8,9,10,11,12,13,15
-3.4649999999996908,16,2,3,4,6,7,9,10,11,13,14,15
2.6350000000002254,16,1,2,5,6,8,9,10,11,13,14,15
1.0949999999998496,16,2,3,5,6,8,9,10,11,12,13,15
-3.8100000000002794,3,4,5,7,8,9,10,11,12,13,14,15
8.240000000000357,2,4,6,7,8,9,10,11,12,13,14,15
2.0549999999999997,16,1,2,3,6,8,10,11,12,13,14,15
2.174999999999983,16,2,4,5,6,7,8,9,12,13,14,15
0.7150000000003303,16,1,4,5,7,8,9,10,11,12,13,15
5.424999999999919,16,1,2,6,7,8,9,10,11,12,14,15
-9.509999999999913,16,1,3,5,6,7,8,11,12,13,14,15
-4.700000000000109,16,1,4,5,6,7,8,10,12,13,14,15
2.510000000000346,16,2,3,4,5,7,9,11,12,13,14,15
-5.660000000000117,16,1,2,5,6,7,9,11,12,13,14,15
-12.915000000000326,1,5,6,7,8,9,10,11,12,13,14,15
-8.030000000000015,16,3,4,5,6,8,9,10,11,12,13,14
6.604999999999613,16,1,3,6,7,8,9,10,11,12,13,15
5.439999999999998,16,2,3,4,5,8,9,10,12,13,14,15
-1.8099999999999739,16,1,2,3,5,9,10,11,12,13,14,15
12.325000000000195,16,1,2,4,7,8,9,10,12,13,14,15
-5.130000000000187,16,2,4,5,6,7,9,10,11,12,14,15
5.740000000000464,16,1,4,5,6,8,9,10,11,12,14,15
-12.65000000000007,16,2,3,5,6,7,8,10,12,13,14,15
-11.759999999999494,16,2,3,4,6,7,8,11,12,13,14,15
-1.0699999999996521,16,1,3,5,7,8,9,10,11,12,14,15
-10.410000000000103,16,2,3,5,6,7,9,10,11,13,14,15
10.989999999999945,16,2,4,5,7,8,9,10,11,12,13,14
-1.0450000000001367,16,2,3,6,7,8,9,10,11,12,13,14
5.904999999999617,16,1,2,5,6,8,9,10,12,13,14,15
1.9649999999999324,16,1,2,4,6,8,9,11,12,13,14,15
-5.460000000000299,16,1,3,4,5,8,9,11,12,13,14,15
-0.9249999999995779,16,1,2,5,7,8,9,10,11,13,14,15
-4.374999999999666,16,2,3,4,5,6,10,11,12,13,14,15
-5.69000000000031,16,1,2,4,5,8,10,11,12,13,14,15
-13.780000000000094,16,3,4,5,6,7,8,10,11,12,14,15
-3.064999999999287,16,2,3,4,6,8,9,10,11,13,14,15
-4.414999999999679,16,1,3,5,6,7,9,10,12,13,14,15
8.439999999999849,16,1,4,6,7,8,9,10,11,12,13,14
-6.285000000000252,16,2,3,4,6,7,9,10,12,13,14,15
-2.889999999999837,16,2,4,5,6,7,8,10,11,13,14,15
-5.200000000000294,16,1,3,5,6,8,9,10,11,13,14,15
-4.389999999999901,16,3,4,5,6,7,9,10,11,12,13,15
5.504999999999875,16,1,2,3,7,8,9,11,12,13,14,15
-12.250000000000021,16,1,3,4,5,7,10,11,12,13,14,15
-3.7250000000002004,16,1,2,4,6,7,10,11,12,13,14,15
-4.365000000000023,16,2,3,5,6,8,9,10,11,12,14,15
-2.9100000000001245,16,2,3,4,7,8,9,10,11,12,14,15
-2.4599999999998445,16,1,3,4,7,8,9,10,11,13,14,15
-0.07000000000007844,16,1,4,5,6,7,9,10,11,13,14,15
-3.2150000000001455,16,1,3,4,6,8,9,10,12,13,14,15
-1.5200000000004863,16,2,4,5,6,8,9,10,11,12,13,15
-7.605000000000118,16,3,4,5,6,7,8,9,11,13,14,15
1.8650000000004852,16,1,3,4,6,7,9,11,12,13,14,15
-3.5450000000003,16,2,3,5,7,8,9,10,11,12,13,15
-2.8599999999995305,2,5,6,7,8,9,10,11,12,13,14,15
4.800000000000324,16,3,4,5,6,8,9,10,11,12,13,15
-3.590000000000231,3,4,6,7,8,9,10,11,12,13,14,15
-1.274999999999764,16,1,3,5,6,7,9,11,12,13,14,15
-11.380000000000372,16,1,2,5,6,7,10,11,12,13,14,15
-1.1200000000001182,16,1,2,4,6,8,10,11,12,13,14,15
2.27000000000006,16,1,4,5,7,8,9,10,11,12,14,15
-13.945000000000228,16,1,3,4,5,8,10,11,12,13,14,15
4.274999999999864,16,1,2,3,7,8,10,11,12,13,14,15
-6.5599999999999525,16,3,4,5,6,7,9,10,11,12,14,15
-5.520000000000195,16,2,3,5,7,8,9,10,11,12,14,15
-7.834999999999987,16,3,4,5,6,7,8,10,11,13,14,15
6.185000000000173,16,2,3,4,7,8,9,10,11,13,14,15
-2.130000000000038,16,1,4,5,6,8,9,10,11,13,14,15
1.8849999999998133,16,3,4,5,7,8,9,10,11,12,13,14
-0.7650000000000503,16,2,4,5,6,8,9,10,11,12,14,15
4.8349999999997735,16,2,3,4,5,8,9,11,12,13,14,15
8.034999999999528,16,1,2,6,7,8,9,10,11,13,14,15
-4.775000000000091,16,1,4,5,6,7,9,10,12,13,14,15
5.680000000000071,16,1,2,5,6,8,9,11,12,13,14,15
4.575000000000301,16,1,2,4,7,8,9,11,12,13,14,15
-11.369999999999926,16,2,3,5,6,7,9,10,12,13,14,15
-4.055000000000092,16,2,4,5,6,7,9,10,11,13,14,15
3.230000000000814,16,1,2,5,7,8,9,10,12,13,14,15
-3.485000000000113,16,1,3,4,7,8,9,10,12,13,14,15
-12.18000000000007,16,1,3,5,7,8,9,10,11,13,14,15
4.570000000000107,16,2,4,6,7,8,9,10,11,12,13,14
-10.100000000000591,16,1,5,6,7,8,9,10,11,12,13,14
-1.5849999999997593,16,2,3,4,5,7,10,11,12,13,14,15
-6.039999999999942,16,1,2,4,5,9,10,11,12,13,14,15
0.759999999999998,16,2,3,5,6,8,9,10,11,13,14,15
-2.185000000000464,16,1,3,5,6,8,9,10,12,13,14,15
1.3499999999998167,16,1,3,4,6,8,9,11,12,13,14,15
-3.83999999999957,16,1,3,4,6,7,10,11,12,13,14,15
-16.429999999999772,16,2,3,5,6,7,8,11,12,13,14,15
-12.41499999999963,16,1,4,5,6,7,8,11,12,13,14,15
6.340000000000536,16,2,4,5,7,8,9,10,11,12,13,15
7.229999999999919,16,2,4,5,6,7,8,10,12,13,14,15
6.270000000000053,16,1,2,3,6,9,10,11,12,13,14,15
-4.40000000000019,16,1,3,6,7,8,9,10,11,12,14,15
-7.225000000000321,16,3,4,5,6,7,8,9,12,13,14,15
-3.5299999999996317,16,2,3,4,6,7,9,11,12,13,14,15
-4.649999999999686,16,2,3,6,7,8,9,10,11,12,13,15
6.354999999999599,16,1,4,6,7,8,9,10,11,12,13,15
2.459999999999198,16,2,3,4,6,8,9,10,12,13,14,15
-2.9050000000004417,16,3,4,5,7,8,9,10,11,12,13,15
-2.5249999999999133,16,3,4,6,7,8,9,10,11,12,13,14
-12.745000000000317,3,5,6,7,8,9,10,11,12,13,14,15
4.460000000000072,16,1,3,5,6,8,9,11,12,13,14,15
-0.24999999999977263,16,3,4,5,6,7,9,10,11,13,14,15
-1.5099999999994722,16,1,2,5,7,8,9,11,12,13,14,15
-3.600000000000101,16,1,2,5,6,8,10,11,12,13,14,15
-7.505000000000273,16,3,4,5,6,7,8,10,12,13,14,15
-7.820000000000078,16,1,3,4,5,9,10,11,12,13,14,15
2.120000000000367,16,1,4,5,7,8,9,10,11,13,14,15
-0.25499999999985334,16,2,5,6,7,8,9,10,11,12,13,14
-1.399999999999828,16,1,4,6,7,8,9,10,11,12,14,15
2.7950000000001296,16,1,3,6,7,8,9,10,11,13,14,15
-6.235000000000213,16,2,3,5,7,8,9,10,11,13,14,15
-0.629999999999626,16,2,4,6,7,8,9,10,11,12,13,15
-3.544999999999874,16,2,4,5,6,8,9,10,11,13,14,15
-2.2250000000002004,16,2,3,5,6,8,9,10,12,13,14,15
5.534999999999876,16,1,2,4,7,8,10,11,12,13,14,15
1.384999999999799,16,2,3,4,6,8,9,11,12,13,14,15
-7.874999999999837,16,1,3,4,6,8,10,11,12,13,14,15
-5.025000000000091,16,1,2,4,6,9,10,11,12,13,14,15
-7.700000000000358,16,2,4,5,6,7,9,10,12,13,14,15
-7.059999999999569,16,2,3,5,6,7,9,11,12,13,14,15
-3.640000000000043,16,1,4,5,6,7,9,11,12,13,14,15
-4.815000000000467,16,1,5,6,7,8,9,10,11,12,13,15
-2.0849999999994253,16,2,4,5,6,7,8,11,12,13,14,15
-7.344999999999601,16,2,3,4,6,7,10,11,12,13,14,15
-7.8800000000002015,16,1,3,5,6,7,10,11,12,13,14,15
3.0800000000000978,16,1,2,3,7,9,10,11,12,13,14,15
2.0549999999994384,16,1,4,5,6,8,9,10,12,13,14,15
-2.699999999999953,16,1,3,4,7,8,9,11,12,13,14,15
10.819999999999517,16,2,3,4,7,8,9,10,12,13,14,15
-2.6549999999998732,16,3,4,5,6,8,9,10,11,12,14,15
12.000000000000114,16,1,2,6,7,8,9,10,12,13,14,15
5.089999999999947,16,2,4,5,7,8,9,10,11,12,14,15
1.434999999999775,16,2,3,4,5,8,10,11,12,13,14,15
-7.2099999999999795,16,1,3,5,7,8,9,10,12,13,14,15
-7.175000000000161,16,2,3,6,7,8,9,10,11,12,14,15
-6.1200000000004735,16,3,5,6,7,8,9,10,11,12,13,14
0.39000000000024215,4,5,6,7,8,9,10,11,12,13,14,15
3.2500000000003766,16,1,4,5,7,8,9,10,12,13,14,15
1.240000000000208,16,1,3,4,6,9,10,11,12,13,14,15
3.9349999999996257,16,2,4,5,6,8,9,10,12,13,14,15
3.329999999999913,16,2,3,5,6,8,9,11,12,13,14,15
-3.07500000000028,16,3,4,6,7,8,9,10,11,12,13,15
-2.1149999999995046,16,2,5,6,7,8,9,10,11,12,13,15
-4.369999999999926,16,1,2,5,7,8,10,11,12,13,14,15
-4.625000000000028,16,2,4,5,6,7,9,11,12,13,14,15
-6.740000000000414,16,3,4,5,7,8,9,10,11,12,14,15
7.51499999999956,16,2,3,4,7,8,9,11,12,13,14,15
-5.830000000000233,16,3,4,5,6,7,9,10,12,13,14,15
-0.32999999999979224,16,2,3,4,5,9,10,11,12,13,14,15
-13.030000000000086,16,2,3,5,6,7,10,11,12,13,14,15
-4.005000000000145,16,1,2,5,6,9,10,11,12,13,14,15
-1.7049999999997851,16,2,4,6,7,8,9,10,11,12,14,15
-5.694999999999936,16,1,5,6,7,8,9,10,11,12,14,15
-1.6950000000005332,16,2,3,5,7,8,9,10,12,13,14,15
-5.755000000000152,16,1,3,5,7,8,9,11,12,13,14,15
-0.9350000000005494,16,1,3,5,6,8,10,11,12,13,14,15
-1.0000000000001137,16,1,3,6,7,8,9,10,12,13,14,15
-1.4350000000000236,16,1,4,5,6,8,9,11,12,13,14,15
7.15999999999967,16,1,2,6,7,8,9,11,12,13,14,15
2.9800000000006435,16,1,2,4,7,9,10,11,12,13,14,15
-2.1849999999999454,16,2,3,6,7,8,9,10,11,13,14,15
-4.570000000000064,16,1,4,5,6,7,10,11,12,13,14,15
-10.800000000000367,16,3,4,5,6,7,8,11,12,13,14,15
15.509999999999692,16,1,2,3,8,9,10,11,12,13,14,15
-8.99500000000019,16,1,3,4,7,8,10,11,12,13,14,15
2.0400000000005534,16,3,4,5,6,8,9,10,11,13,14,15
6.155000000000342,16,1,4,6,7,8,9,10,11,13,14,15
-3.315000000000069,16,2,3,4,6,8,10,11,12,13,14,15
5.635000000000204,16,2,4,5,7,8,9,10,11,13,14,15
-1.4999999999999858,16,3,4,5,6,8,9,10,12,13,14,15
-11.77500000000039,16,3,4,6,7,8,9,10,11,12,14,15
1.4449999999994745,16,4,5,6,7,8,9,10,11,12,13,14
-1.6949999999996805,16,3,5,6,7,8,9,10,11,12,13,15
-4.484999999999729,16,2,5,6,7,8,9,10,11,12,14,15
0.8599999999999852,16,3,4,5,7,8,9,10,11,13,14,15
2.6749999999997485,16,1,4,6,7,8,9,10,12,13,14,15
2.334999999999191,16,1,2,6,7,8,10,11,12,13,14,15
2.3700000000001538,16,2,4,6,7,8,9,10,11,13,14,15
-11.500000000000412,16,1,3,5,7,8,10,11,12,13,14,15
-0.7450000000001893,16,2,3,6,7,8,9,10,12,13,14,15
8.735000000000085,16,2,3,4,7,8,10,11,12,13,14,15
8.205000000000041,16,1,2,4,8,9,10,11,12,13,14,15
-3.70999999999988,16,2,3,4,6,9,10,11,12,13,14,15
-13.135000000000211,16,1,5,6,7,8,9,10,11,13,14,15
6.544999999999781,16,1,3,6,7,8,9,11,12,13,14,15
-5.89499999999984,16,3,4,5,6,7,9,11,12,13,14,15
-4.219999999999807,16,1,3,4,7,9,10,11,12,13,14,15
2.5549999999997652,16,1,3,5,6,9,10,11,12,13,14,15
1.8450000000001552,16,2,4,5,6,7,10,11,12,13,14,15
-10.669999999999959,16,1,4,5,6,8,10,11,12,13,14,15
12.995000000000083,16,2,4,5,7,8,9,10,12,13,14,15
3.0199999999998326,16,2,4,5,6,8,9,11,12,13,14,15
-5.5199999999994915,16,1,4,5,7,8,9,11,12,13,14,15
-1.0650000000001683,16,2,3,5,7,8,9,11,12,13,14,15
-1.9999999999995595,16,1,2,5,7,9,10,11,12,13,14,15
-3.780000000000257,16,2,3,5,6,8,10,11,12,13,14,15
-0.8199999999996948,16,3,4,6,7,8,9,10,11,13,14,15
4.914999999999878,16,4,5,6,7,8,9,10,11,12,13,15
-9.870000000000154,16,3,5,6,7,8,9,10,11,12,14,15
-8.519999999999634,16,1,3,5,7,9,10,11,12,13,14,15
-4.154999999999802,16,2,3,6,7,8,9,11,12,13,14,15
-4.229999999999954,16,1,4,5,6,9,10,11,12,13,14,15
-5.404999999999674,16,2,5,6,7,8,9,10,11,13,14,15
-0.5900000000002947,16,3,4,5,7,8,9,10,12,13,14,15
4.885000000000254,16,2,4,6,7,8,9,10,12,13,14,15
-8.030000000000044,16,1,5,6,7,8,9,10,12,13,14,15
6.664999999999814,16,1,2,6,7,9,10,11,12,13,14,15
4.074999999999804,16,2,3,4,7,9,10,11,12,13,14,15
0.734999999999026,16,1,3,4,8,9,10,11,12,13,14,15
7.094999999999992,16,1,2,5,8,9,10,11,12,13,14,15
-0.6749999999995424,16,3,4,5,6,8,9,11,12,13,14,15
6.119999999999749,16,1,3,6,7,8,10,11,12,13,14,15
-5.275000000000354,16,2,3,5,7,8,10,11,12,13,14,15
0.5450000000004209,16,2,3,5,6,9,10,11,12,13,14,15
-8.21499999999984,16,1,4,5,7,8,10,11,12,13,14,15
-0.5800000000002399,16,1,4,6,7,8,9,11,12,13,14,15
-6.234999999999957,16,3,4,5,6,7,10,11,12,13,14,15
-1.9249999999999474,16,2,4,5,6,8,10,11,12,13,14,15
7.085000000000022,16,2,4,5,7,8,9,11,12,13,14,15
-3.4199999999998454,16,1,5,6,7,8,9,11,12,13,14,15
4.610000000000035,16,4,5,6,7,8,9,10,11,12,14,15
-7.740000000000329,16,3,5,6,7,8,9,10,11,13,14,15
-2.0849999999994466,16,1,4,5,7,9,10,11,12,13,14,15
-2.810000000000521,16,2,3,6,7,8,10,11,12,13,14,15
16.97499999999983,16,1,2,6,8,9,10,11,12,13,14,15
-4.94500000000059,16,3,4,6,7,8,9,10,12,13,14,15
-2.275000000000645,16,2,3,5,7,9,10,11,12,13,14,15
11.044999999999291,16,2,3,4,8,9,10,11,12,13,14,15
-7.895000000000017,16,2,4,5,6,9,10,11,12,13,14,15
8.495000000000303,16,1,3,6,7,9,10,11,12,13,14,15
-0.7799999999997311,16,2,5,6,7,8,9,10,12,13,14,15
-3.560000000000393,16,3,4,5,7,8,9,11,12,13,14,15
-0.6150000000001015,16,1,4,6,7,8,10,11,12,13,14,15
0.24000000000033594,16,2,4,6,7,8,9,11,12,13,14,15
-4.194999999999624,16,3,4,5,6,8,10,11,12,13,14,15
6.579999999999551,16,1,3,5,8,9,10,11,12,13,14,15
12.865000000000094,16,2,4,5,7,8,10,11,12,13,14,15
3.169999999999334,16,4,5,6,7,8,9,10,11,13,14,15
-1.1099999999999852,16,3,5,6,7,8,9,10,12,13,14,15
-3.745000000000303,16,2,3,6,7,9,10,11,12,13,14,15
16.854999999999592,16,1,2,7,8,9,10,11,12,13,14,15
6.814999999999998,16,1,4,6,7,9,10,11,12,13,14,15
12.65999999999896,16,1,3,6,8,9,10,11,12,13,14,15
-3.285000000000437,16,3,4,6,7,8,9,11,12,13,14,15
7.430000000000057,16,2,3,5,8,9,10,11,12,13,14,15
-1.3949999999996265,16,2,5,6,7,8,9,11,12,13,14,15
-4.570000000000334,16,3,4,5,7,8,10,11,12,13,14,15
8.760000000000133,16,2,4,6,7,8,10,11,12,13,14,15
2.999999999999986,16,1,4,5,8,9,10,11,12,13,14,15
-16.615000000000244,16,1,5,6,7,8,10,11,12,13,14,15
0.06500000000013273,16,3,4,5,6,9,10,11,12,13,14,15
6.464999999999854,16,2,4,5,7,9,10,11,12,13,14,15
5.024999999999167,16,4,5,6,7,8,9,10,12,13,14,15
-2.9300000000003124,16,3,4,6,7,8,10,11,12,13,14,15
-3.64000000000037,16,3,5,6,7,8,9,11,12,13,14,15
5.79499999999976,16,1,4,6,8,9,10,11,12,13,14,15
-3.9849999999998005,16,2,5,6,7,8,10,11,12,13,14,15
-3.320000000000128,16,3,4,5,7,9,10,11,12,13,14,15
-2.094999999999871,16,2,4,6,7,9,10,11,12,13,14,15
-5.845000000000162,16,1,5,6,7,9,10,11,12,13,14,15
8.930000000000206,16,2,4,5,8,9,10,11,12,13,14,15
5.164999999999203,16,1,3,7,8,9,10,11,12,13,14,15
8.639999999999944,16,2,3,6,8,9,10,11,12,13,14,15
-8.925000000000644,16,3,5,6,7,8,10,11,12,13,14,15
-0.18999999999908823,16,4,5,6,7,8,9,11,12,13,14,15
-0.9050000000003919,16,3,4,6,7,9,10,11,12,13,14,15
-3.1099999999995163,16,2,5,6,7,9,10,11,12,13,14,15
4.094999999999892,16,3,4,5,8,9,10,11,12,13,14,15
0.45500000000031093,16,2,4,6,8,9,10,11,12,13,14,15
4.57499999999969,16,1,5,6,8,9,10,11,12,13,14,15
9.33499999999973,16,2,3,7,8,9,10,11,12,13,14,15
6.084999999999241,16,1,4,7,8,9,10,11,12,13,14,15
4.529999999999575,16,4,5,6,7,8,10,11,12,13,14,15
-2.02500000000051,16,3,5,6,7,9,10,11,12,13,14,15
3.58000000000019,16,3,4,6,8,9,10,11,12,13,14,15
5.355000000000501,16,2,5,6,8,9,10,11,12,13,14,15
19.36500000000065,16,2,4,7,8,9,10,11,12,13,14,15
-0.8500000000001222,16,1,5,7,8,9,10,11,12,13,14,15
0.4299999999995947,16,4,5,6,7,9,10,11,12,13,14,15
13.105000000000267,16,3,5,6,8,9,10,11,12,13,14,15
4.5699999999998795,16,3,4,7,8,9,10,11,12,13,14,15
7.435000000000514,16,2,5,7,8,9,10,11,12,13,14,15
10.634999999999636,16,1,6,7,8,9,10,11,12,13,14,15
7.499999999999538,16,4,5,6,8,9,10,11,12,13,14,15
5.874999999999247,16,3,5,7,8,9,10,11,12,13,14,15
8.270000000000557,16,2,6,7,8,9,10,11,12,13,14,15
14.849999999999831,16,4,5,7,8,9,10,11,12,13,14,15
15.024999999999721,16,3,6,7,8,9,10,11,12,13,14,15
8.174999999999443,16,4,6,7,8,9,10,11,12,13,14,15
0.07500000000030127,16,5,6,7,8,9,10,11,12,13,14,15
