-4.155000000000001,1,2,3,4
-3.980000000000002,1,2,3,5
-4.049999999999999,1,2,4,5
-4.244999999999999,1,2,3,6
-4.454999999999998,1,3,4,5
-4.3199999999999985,1,2,4,6
-4.354999999999997,1,2,3,7
-3.9700000000000024,2,3,4,5
-4.484999999999996,1,3,4,6
-3.9150000000000027,1,2,5,6
-4.2749999999999915,1,2,4,7
-3.2300000000000058,1,2,3,8
-4.490000000000002,2,3,4,6
-3.869999999999999,1,3,5,6
-3.9549999999999983,1,3,4,7
-5.384999999999998,1,2,5,7
-3.9700000000000024,1,2,4,8
-4.225,1,2,3,9
-4.1299999999999955,2,3,5,6
-4.284999999999997,1,4,5,6
-4.030000000000001,2,3,4,7
-4.779999999999998,1,3,5,7
-4.824999999999996,1,2,6,7
-3.7550000000000026,1,3,4,8
-3.5249999999999986,1,2,5,8
-4.019999999999996,1,2,4,9
-4.609999999999999,1,2,3,10
-5.149999999999999,1,4,5,7
-4.169999999999998,2,4,5,6
-4.5,2,3,5,7
-4.899999999999999,1,3,6,7
-4.165000000000006,2,3,4,8
-5.1100000000000065,1,3,5,8
-2.875000000000007,1,2,6,8
-4.47999999999999,1,3,4,9
-4.039999999999999,1,2,3,11
-3.7050000000000054,1,2,5,9
-4.900000000000004,1,2,4,10
-3.885,3,4,5,6
-4.255000000000006,2,4,5,7
-5.599999999999994,2,3,6,7
-3.775000000000002,1,2,6,9
-4.194999999999993,1,3,4,10
-5.190000000000001,1,4,6,7
-4.155000000000001,2,3,5,8
-5.304999999999996,1,3,5,9
-3.9649999999999928,1,2,4,11
-3.7900000000000063,1,4,5,8
-4.779999999999998,1,2,5,10
-4.414999999999996,1,2,3,12
-3.7800000000000082,1,3,6,8
-3.8699999999999974,1,2,7,8
-5.0000000000000036,2,3,4,9
-4.405000000000003,2,4,5,8
-3.8349999999999937,3,4,5,7
-4.100000000000005,2,4,6,7
-5.659999999999997,1,5,6,7
-5.8199999999999985,1,3,5,10
-4.074999999999996,1,3,6,9
-4.395000000000003,2,3,6,8
-4.955,2,3,4,10
-4.4700000000000095,1,2,6,10
-3.810000000000013,1,4,6,8
-3.8399999999999963,1,2,7,9
-4.425000000000008,1,3,7,8
-4.615000000000002,1,3,4,11
-3.625,1,2,3,13
-4.25,2,3,5,9
-4.539999999999997,1,4,5,9
-4.265000000000004,1,2,5,11
-4.6349999999999945,1,2,4,12
-3.960000000000001,2,4,6,8
-4.294999999999995,3,4,6,7
-5.260000000000002,2,5,6,7
-2.690000000000005,1,2,8,9
-4.709999999999994,1,2,5,12
-4.740000000000002,1,4,5,10
-5.340000000000007,1,3,5,11
-4.105,3,4,5,8
-3.8849999999999962,2,3,5,10
-4.434999999999999,1,2,4,13
-5.190000000000001,1,3,6,10
-3.5250000000000092,2,3,4,11
-4.954999999999995,1,4,6,9
-4.414999999999996,1,2,3,14
-3.48500000000001,1,5,6,8
-5.0099999999999945,1,3,4,12
-3.785,1,2,6,11
-4.945000000000004,2,3,7,8
-2.494999999999994,1,3,7,9
-3.7799999999999976,1,2,7,10
-4.43,1,4,7,8
-3.84,2,4,5,9
-4.949999999999996,2,3,6,9
-5.3650000000000055,1,5,6,9
-3.455000000000002,3,5,6,7
-4.560000000000002,1,4,6,10
-3.985000000000003,1,2,8,10
-3.9150000000000027,2,3,5,11
-4.739999999999998,1,3,6,11
-4.085000000000001,3,4,6,8
-4.310000000000002,1,3,4,13
-4.654999999999998,1,4,5,11
-4.524999999999999,1,2,4,14
-3.5850000000000115,1,2,3,15
-3.909999999999993,1,2,7,11
-4.044999999999998,2,5,6,8
-4.065000000000008,2,4,7,8
-4.684999999999999,2,3,6,10
-5.484999999999996,1,3,5,12
-6.4900000000000055,1,5,7,8
-4.585000000000001,1,2,6,12
-3.929999999999998,1,2,5,13
-2.865000000000002,1,3,8,9
-4.364999999999995,1,3,7,10
-4.399999999999999,3,4,5,9
-4.495000000000001,2,4,6,9
-4.675000000000001,2,4,5,10
-5.204999999999995,2,3,7,9
-4.719999999999992,1,4,7,9
-4.260000000000002,2,3,4,12
-5.815000000000008,1,6,7,8
-4.8750000000000036,4,5,6,7
-4.320000000000004,3,5,6,8
-4.620000000000001,2,4,6,10
-5.084999999999999,16,1,2,3
-3.805000000000007,1,2,9,10
-3.3749999999999964,1,2,8,11
-3.1850000000000094,2,4,5,11
-4.509999999999998,3,4,5,10
-4.105,3,4,7,8
-4.939999999999998,1,4,6,11
-4.334999999999994,2,3,5,12
-3.855000000000004,2,3,6,11
-4.60499999999999,1,4,5,12
-4.070000000000004,1,4,8,9
-4.545000000000002,2,3,7,10
-3.689999999999994,1,2,6,13
-3.8550000000000004,1,2,4,15
-5.620000000000001,2,5,7,8
-4.920000000000002,3,4,6,9
-4.159999999999997,1,3,7,11
-5.01499999999999,1,2,7,12
-4.294999999999995,1,3,4,14
-5.3949999999999925,1,3,6,12
-4.415000000000003,2,5,6,9
-4.555000000000003,2,3,8,9
-4.095000000000002,2,3,4,13
-5.685000000000002,1,3,8,10
-3.9100000000000037,2,4,7,9
-3.899999999999995,1,4,7,10
-5.655000000000001,1,3,5,13
-4.565000000000001,1,2,5,14
-6.129999999999999,1,5,6,10
-5.059999999999995,1,5,7,9
-4.339999999999993,1,6,7,9
-3.2199999999999953,4,5,6,8
-5.365000000000002,3,5,7,8
-4.844999999999999,1,3,9,10
-4.785000000000007,3,4,5,11
-3.384999999999998,1,2,8,12
-3.5550000000000086,1,3,4,15
-4.314999999999994,1,4,7,11
-3.344999999999999,1,2,9,11
-4.374999999999993,1,3,7,12
-4.805000000000003,3,4,6,10
-4.015000000000004,2,4,7,10
-4.404999999999994,2,6,7,8
-4.93,3,5,6,9
-5.074999999999999,1,5,6,11
-5.25,1,4,5,13
-3.545000000000009,1,4,8,10
-3.2549999999999955,1,3,6,13
-2.8949999999999996,2,4,6,11
-4.1200000000000045,3,4,7,9
-6.474999999999994,1,5,7,10
-4.939999999999998,2,3,8,10
-4.60499999999999,1,3,5,14
-4.810000000000006,2,5,7,9
-4.900000000000006,2,3,6,12
-5.189999999999994,1,4,6,12
-4.1250000000000036,2,4,8,9
-4.09,1,3,8,11
-3.9549999999999983,2,3,4,14
-4.055,2,3,5,13
-5.104999999999997,16,1,2,4
-4.254999999999999,2,3,7,11
-4.334999999999994,2,5,6,10
-5.470000000000002,1,5,8,9
-3.3050000000000033,1,2,5,15
-4.960000000000004,1,2,6,14
-4.324999999999992,2,4,5,12
-3.7599999999999945,1,2,7,13
-4.670000000000002,4,5,7,8
-5.135000000000005,3,6,7,8
-5.425000000000001,2,3,7,12
-4.339999999999993,1,4,5,14
-4.175000000000004,2,3,4,15
-4.059999999999999,1,3,8,12
-4.2149999999999945,16,1,2,5
-3.9350000000000023,2,3,8,11
-3.934999999999995,1,2,9,12
-4.824999999999996,4,5,6,9
-4.835000000000004,2,5,7,10
-4.324999999999996,3,4,7,10
-4.7699999999999925,1,4,7,12
-5.294999999999996,16,1,3,4
-4.68,2,4,8,10
-6.574999999999999,1,5,7,11
-2.650000000000002,2,4,7,11
-3.8349999999999937,3,5,7,9
-4.445000000000004,2,6,7,9
-4.389999999999997,3,4,5,12
-6.129999999999999,1,6,7,10
-3.4799999999999933,1,3,9,11
-5.5049999999999955,1,5,6,12
-2.7250000000000085,1,2,8,13
-4.064999999999994,1,4,8,11
-5.8049999999999855,1,3,6,14
-4.349999999999991,2,3,6,13
-3.9700000000000024,1,2,6,15
-4.650000000000006,3,4,6,11
-4.150000000000002,3,4,8,9
-4.600000000000001,2,5,8,9
-6.925000000000004,1,5,8,10
-3.3700000000000063,1,3,5,15
-3.4499999999999993,2,3,5,14
-4.2450000000000045,2,4,6,12
-4.535000000000002,2,4,5,13
-3.41,2,5,6,11
-3.7450000000000117,1,6,8,9
-3.6800000000000033,1,4,9,10
-4.955000000000002,1,4,6,13
-2.730000000000004,1,3,7,13
-5.054999999999996,2,3,9,10
-4.514999999999997,1,2,10,11
-4.374999999999986,1,2,7,14
-4.095000000000002,3,5,6,10
-5.309999999999999,4,5,6,10
-6.41,3,5,8,9
-4.404999999999994,4,6,7,8
-4.70000000000001,4,5,7,9
-4.3949999999999925,1,4,9,11
-3.79999999999999,1,2,7,15
-3.764999999999999,2,3,5,15
-2.450000000000003,3,6,7,9
-4.599999999999998,1,2,10,12
-5.054999999999993,2,3,6,14
-3.614999999999995,1,4,8,12
-4.599999999999991,1,3,7,14
-3.375000000000007,1,4,5,15
-5.284999999999982,1,3,9,12
-4.784999999999997,2,6,8,9
-4.310000000000002,2,3,8,12
-4.559999999999992,2,4,9,10
-4.315000000000001,2,4,7,12
-4.690000000000001,2,4,6,13
-4.789999999999999,1,4,6,14
-5.290000000000003,1,5,8,11
-4.015000000000008,3,5,6,11
-3.1200000000000045,1,7,8,9
-5.835000000000004,1,5,9,10
-4.455000000000005,1,6,8,10
-4.455000000000005,2,5,7,11
-4.559999999999995,2,5,6,12
-3.265000000000004,2,4,5,14
-3.7300000000000004,3,4,7,11
-5.165000000000003,1,3,10,11
-4.599999999999998,3,4,6,12
-5.524999999999988,1,5,7,12
-3.640000000000004,2,4,8,11
-3.4150000000000027,1,2,8,14
-4.729999999999997,3,5,7,10
-4.720000000000006,2,6,7,10
-2.8000000000000043,1,2,9,13
-3.8249999999999957,1,5,6,13
-4.920000000000002,1,4,7,13
-3.6350000000000016,1,3,6,15
-5.330000000000002,16,2,3,4
-4.299999999999997,16,1,2,6
-5.104999999999997,2,3,7,13
-7.019999999999989,1,6,7,11
-4.384999999999998,3,4,5,13
-4.269999999999996,3,4,8,10
-4.649999999999995,2,5,8,10
-4.054999999999989,2,3,9,11
-5.540000000000001,16,1,3,5
-4.8250000000000135,1,3,8,13
-5.140000000000004,4,5,7,10
-5.5049999999999955,5,6,7,8
-3.9450000000000074,3,4,8,11
-4.094999999999995,1,2,11,12
-4.054999999999993,1,4,7,14
-4.115000000000002,2,5,8,11
-4.229999999999997,2,3,10,11
-3.1850000000000023,1,2,10,13
-5.489999999999998,4,6,7,9
-3.6300000000000026,4,5,8,9
-4.950000000000003,3,4,9,10
-4.324999999999996,4,5,6,11
-4.2500000000000036,2,3,9,12
-3.1699999999999946,2,4,9,11
-4.295000000000002,1,3,8,14
-4.184999999999999,2,4,6,14
-4.195000000000007,1,4,6,15
-4.029999999999998,2,5,9,10
-3.539999999999999,2,4,5,15
-4.120000000000001,2,3,8,13
-4.255000000000013,1,4,8,13
-4.340000000000003,1,6,8,11
-4.195,3,4,6,13
-5.254999999999988,1,5,6,14
-4.734999999999989,2,5,6,13
-4.139999999999997,2,3,7,14
-4.435000000000006,3,5,7,11
-3.9049999999999976,2,6,7,11
-5.399999999999995,16,1,3,6
-3.985000000000003,2,3,6,15
-4.835000000000001,16,2,3,5
-4.204999999999998,1,4,10,11
-3.6549999999999905,16,1,2,7
-4.994999999999997,1,5,7,13
-5.2400000000000055,1,7,8,10
-6.114999999999988,1,6,7,12
-4.605,3,5,6,12
-3.3099999999999987,1,2,8,15
-3.879999999999992,3,4,7,12
-4.780000000000005,3,6,8,9
-6.500000000000007,1,6,9,10
-4.35499999999999,1,4,9,12
-4.264999999999997,1,2,9,14
-4.16,2,4,8,12
-4.524999999999999,2,7,8,9
-3.9750000000000014,3,6,7,10
-5.030000000000001,1,5,8,12
-4.734999999999994,16,1,4,5
-5.104999999999997,1,3,10,12
-1.5949999999999989,1,3,7,15
-5.450000000000003,2,5,7,12
-4.355,2,4,7,13
-3.815000000000005,3,4,5,14
-2.8949999999999996,1,3,9,13
-5.77,3,5,8,10
-4.145,2,6,8,10
-6.1299999999999955,1,5,9,11
-4.610000000000003,3,6,8,10
-3.7399999999999913,5,6,7,9
-4.324999999999992,4,6,8,9
-3.075000000000003,3,7,8,9
-6.255000000000013,1,5,8,13
-6.1299999999999955,16,2,3,6
-4.344999999999999,1,4,8,14
-3.9099999999999966,3,4,6,14
-4.585000000000004,3,4,9,11
-4.495000000000001,3,4,7,13
-5.385000000000009,4,6,7,10
-3.664999999999999,2,5,9,11
-4.799999999999994,1,4,10,12
-3.4450000000000074,1,2,9,15
-3.465,2,3,8,14
-4.670000000000002,1,2,10,14
-5.965000000000003,2,5,7,13
-3.280000000000001,2,4,10,11
-7.2949999999999875,1,5,9,12
-4.059999999999995,4,5,6,12
-5.750000000000014,3,5,8,11
-3.5849999999999973,16,1,2,8
-4.855000000000004,2,4,8,13
-4.119999999999997,2,3,9,13
-4.5,4,5,8,10
-5.874999999999989,1,3,9,14
-4.149999999999999,16,1,3,7
-3.8400000000000034,2,4,9,12
-4.465000000000007,2,3,7,15
-3.849999999999998,1,4,7,15
-3.9200000000000017,1,3,10,13
-4.765000000000001,2,7,8,10
-3.174999999999997,2,6,8,11
-3.5249999999999986,3,5,6,13
-5.394999999999996,1,7,8,11
-5.294999999999995,16,1,4,6
-4.414999999999999,1,4,9,13
-3.9700000000000024,16,2,4,5
-4.594999999999999,2,5,6,14
-3.390000000000004,1,5,6,15
-4.015000000000001,1,2,11,13
-4.4900000000000055,3,6,7,11
-5.0099999999999945,2,3,10,12
-3.754999999999999,3,4,5,15
-6.199999999999992,1,5,7,14
-3.995000000000001,2,4,6,15
-5.674999999999997,1,6,9,11
-5.785,3,5,9,10
-4.474999999999994,1,7,9,10
-4.120000000000008,1,6,7,13
-2.9449999999999967,2,4,7,14
-7.515000000000004,1,5,10,11
-3.6699999999999946,3,5,7,12
-2.4250000000000043,1,3,8,15
-5.099999999999998,2,6,9,10
-5.625,2,6,7,12
-3.4450000000000003,3,4,8,12
-4.565000000000001,1,3,11,12
-4.3849999999999945,2,5,8,12
-5.23,1,6,8,12
-4.640000000000001,4,5,7,11
-3.789999999999992,2,6,9,11
-4.260000000000005,1,8,9,10
-7.179999999999993,5,6,7,10
-5.7450000000000045,5,6,8,9
-4.43,3,6,7,12
-5.094999999999999,2,4,10,12
-4.225000000000001,2,4,8,14
-2.8900000000000077,1,3,9,15
-4.14500000000001,4,7,8,9
-3.710000000000001,3,4,6,15
-4.660000000000004,1,3,11,13
-4.340000000000003,2,6,8,12
-4.704999999999995,4,5,6,13
-4.175000000000008,3,6,8,11
-3.740000000000002,2,7,8,11
-3.969999999999999,1,4,10,13
-3.6949999999999896,4,6,8,10
-5.410000000000014,3,7,8,10
-3.759999999999991,16,1,4,7
-3.640000000000004,16,1,3,8
-4.855000000000004,2,5,8,13
-3.7049999999999947,1,4,8,15
-5.409999999999997,1,3,10,14
-5.325000000000003,1,7,8,12
-4.650000000000002,1,2,10,15
-4.375,3,5,7,13
-5.6299999999999955,3,5,9,11
-5.055,3,5,6,14
-3.549999999999997,3,4,8,13
-2.899999999999995,3,4,7,14
-4.199999999999999,4,5,7,12
-4.285000000000004,4,5,9,10
-4.984999999999999,4,6,7,11
-5.325000000000003,3,5,8,12
-4.524999999999999,3,4,10,11
-4.509999999999998,2,6,7,13
-4.669999999999998,16,1,5,6
-5.18,16,2,3,7
-4.449999999999996,1,4,9,14
-4.919999999999995,1,4,11,12
-4.645000000000003,2,5,7,14
-4.274999999999999,3,4,9,12
-5.974999999999994,1,5,10,12
-3.994999999999994,1,2,11,14
-3.4799999999999827,1,7,9,11
-4.420000000000002,2,5,9,12
-3.575000000000003,2,4,7,15
-5.665000000000006,3,6,9,10
-4.150000000000013,2,3,8,15
-6.154999999999987,1,6,9,12
-4.675000000000004,1,5,9,13
-4.069999999999997,4,5,8,11
-4.16,2,5,10,11
-4.560000000000002,16,1,2,9
-6.945,1,6,10,11
-3.169999999999998,1,5,7,15
-5.070000000000004,1,5,8,14
-4.540000000000006,2,7,9,10
-4.794999999999995,2,3,9,14
-3.734999999999996,2,3,10,13
-3.960000000000001,2,3,11,12
-3.3500000000000156,1,6,8,13
-2.414999999999992,1,2,12,13
-5.0500000000000025,16,3,4,5
-3.4449999999999967,2,5,6,15
-4.464999999999996,2,4,9,13
-6.9199999999999875,1,6,7,14
-5.414999999999994,16,2,4,6
-5.534999999999993,4,6,9,10
-5.474999999999991,5,6,7,11
-6.084999999999994,5,6,8,10
-4.595000000000006,5,7,8,9
-4.975000000000001,2,7,8,12
-4.134999999999991,1,7,9,12
-4.145,3,5,7,14
-3.3599999999999994,3,4,8,14
-4.499999999999993,2,4,10,13
-4.449999999999999,2,6,10,11
-7.86999999999999,1,5,9,14
-5.5950000000000095,4,5,7,13
-4.780000000000005,4,7,8,10
-6.679999999999989,3,5,9,12
-6.175000000000008,3,5,8,13
-4.489999999999998,1,6,9,13
-5.905000000000001,1,5,11,12
-3.7099999999999937,2,4,9,14
-4.31999999999999,4,5,9,11
-5.259999999999998,3,7,9,10
-3.7149999999999963,4,5,6,14
-4.81999999999999,1,6,7,15
-4.769999999999996,16,1,5,7
-4.289999999999999,2,5,9,13
-5.774999999999999,1,4,11,13
-4.459999999999997,1,2,12,14
-3.7449999999999903,2,7,9,11
-5.445000000000004,1,6,8,14
-3.740000000000002,1,4,9,15
-4.214999999999996,3,4,9,13
-4.629999999999999,2,8,9,10
-3.789999999999999,2,5,8,14
-5.075000000000003,3,5,10,11
-5.490000000000002,4,6,7,12
-3.645000000000003,2,3,11,13
-4.885000000000002,16,1,2,10
-3.4149999999999956,4,5,8,12
-6.719999999999999,1,6,10,12
-4.839999999999996,16,1,3,9
-4.184999999999999,2,6,8,13
-5.154999999999998,3,4,10,12
-3.8099999999999916,4,6,8,11
-4.954999999999995,2,5,10,12
-5.445,1,5,10,13
-4.555,16,2,5,6
-3.705000000000002,16,2,4,7
-4.720000000000002,1,4,10,14
-3.094999999999999,3,4,7,15
-4.114999999999995,16,1,4,8
-3.539999999999999,2,4,11,12
-5.059999999999999,16,2,3,8
-2.5350000000000072,1,5,8,15
-5.049999999999997,3,6,8,12
-3.549999999999997,3,6,7,13
-4.009999999999998,2,3,9,15
-2.830000000000009,1,3,10,15
-3.784999999999993,2,3,10,14
-3.7200000000000024,2,4,8,15
-5.364999999999998,2,6,7,14
-4.015000000000001,3,6,9,11
-2.680000000000007,3,5,6,15
-3.2049999999999983,1,2,11,15
-4.635000000000005,1,7,8,13
-4.725000000000005,2,5,7,15
-6.0049999999999955,16,3,4,6
-4.164999999999996,1,3,11,14
-3.0899999999999928,1,3,12,13
-4.899999999999999,1,7,10,11
-4.540000000000003,2,6,9,12
-4.105000000000004,1,8,9,11
-4.82500000000001,3,7,8,11
-8.659999999999997,5,7,8,10
-1.2600000000000051,6,7,8,9
-3.8200000000000145,2,8,9,11
-3.3299999999999983,4,6,8,12
-3.8599999999999888,2,5,11,12
-3.6650000000000027,16,3,4,7
-5.134999999999998,16,2,4,8
-5.43,16,1,4,9
-3.7300000000000004,2,5,8,15
-4.9650000000000105,2,7,9,12
-3.200000000000003,3,4,8,15
-3.715000000000007,2,7,10,11
-5.0049999999999955,1,8,9,12
-5.2350000000000065,3,6,7,14
-4.344999999999995,1,2,12,15
-3.465,16,1,5,8
-5.805,16,1,3,10
-4.719999999999999,2,3,10,15
-7.554999999999989,1,6,9,14
-4.95000000000001,3,7,8,12
-3.4100000000000072,1,5,9,15
-5.269999999999996,1,7,8,14
-4.514999999999997,2,6,7,15
-6.359999999999992,1,3,12,14
-3.5099999999999945,16,1,2,11
-6.830000000000002,1,5,10,14
-5.359999999999999,3,5,9,13
-6.109999999999999,1,5,11,13
-5.4850000000000065,4,6,7,13
-4.805000000000007,4,5,8,13
-4.259999999999991,2,4,10,14
-4.185000000000002,16,2,5,7
-3.5299999999999976,2,3,11,14
-3.980000000000004,1,6,8,15
-4.405000000000005,3,4,9,14
-7.105,5,6,9,10
-3.954999999999984,5,6,7,12
-2.354999999999997,1,7,9,13
-4.914999999999999,3,5,10,12
-4.450000000000006,3,4,11,12
-4.1000000000000085,1,6,10,13
-5.02000000000001,2,7,8,13
-3.9200000000000017,1,2,13,14
-4.515000000000004,2,5,9,14
-4.344999999999995,1,4,11,14
-5.659999999999997,16,3,5,6
-5.720000000000006,3,5,8,14
-4.984999999999996,2,6,8,14
-4.279999999999994,2,5,10,13
-5.184999999999995,4,7,9,10
-5.550000000000008,3,8,9,10
-5.324999999999989,5,6,8,11
-4.099999999999994,1,4,12,13
-3.8249999999999993,2,4,11,13
-4.09,4,7,8,11
-3.9750000000000085,3,6,8,13
-5.135000000000005,3,6,9,12
-3.480000000000004,1,4,10,15
-4.879999999999988,4,6,9,11
-3.4649999999999963,2,3,12,13
-1.1400000000000041,3,5,7,15
-4.534999999999997,4,5,9,12
-3.5250000000000057,4,5,7,14
-3.1400000000000006,4,5,6,15
-6.114999999999995,16,2,3,9
-6.575000000000003,1,6,11,12
-4.09,2,6,9,13
-5.0199999999999925,16,1,6,7
-3.664999999999992,3,4,10,13
-3.2999999999999936,2,4,9,15
-4.859999999999999,2,6,10,12
-2.624999999999993,3,7,9,11
-5.664999999999992,1,7,10,12
-4.749999999999989,4,5,10,11
-3.6150000000000055,1,3,11,15
-6.460000000000001,1,8,10,11
-3.6200000000000045,3,6,10,11
-3.889999999999997,6,7,8,10
-7.419999999999998,5,7,9,10
-4.1549999999999905,4,8,9,10
-5.449999999999996,4,5,10,12
-3.2950000000000053,1,5,10,15
-4.194999999999993,3,4,10,14
-2.625,2,4,11,14
-3.3999999999999844,3,7,9,12
-3.809999999999995,3,5,10,13
-3.870000000000001,16,1,3,11
-5.030000000000015,3,7,8,13
-5.195,3,6,9,13
-5.229999999999997,16,2,6,7
-2.9099999999999966,4,5,8,14
-3.8349999999999973,2,3,12,14
-4.324999999999996,2,8,10,11
-5.335000000000004,1,8,10,12
-3.960000000000001,1,6,9,15
-5.169999999999991,5,6,8,12
-7.119999999999997,5,7,8,11
-5.214999999999993,1,4,12,14
-3.7099999999999973,1,3,12,15
-1.0950000000000095,3,6,7,15
-5.224999999999998,16,2,4,9
-5.454999999999998,1,3,13,14
-6.595000000000002,3,6,10,12
-3.8250000000000064,1,8,9,13
-4.364999999999995,3,4,11,13
-4.409999999999993,2,7,8,14
-3.740000000000002,2,6,8,15
-4.140000000000004,16,1,6,8
-4.905000000000001,5,6,9,11
-4.010000000000005,4,7,9,11
-4.175000000000011,3,8,9,11
-4.854999999999997,1,7,9,14
-3.8000000000000007,2,3,11,15
-4.77,16,2,5,8
-6.454999999999995,1,6,10,14
-4.384999999999998,1,2,13,15
-5.935000000000002,16,1,5,9
-4.405000000000001,2,8,9,12
-4.135000000000005,16,3,4,8
-4.774999999999999,4,6,10,11
-3.090000000000007,3,5,8,15
-6.220000000000006,3,6,8,14
-4.674999999999997,2,5,11,13
-3.879999999999992,1,5,12,13
-3.810000000000006,3,5,11,12
-4.739999999999998,16,1,2,12
-3.245000000000001,3,4,9,15
-4.800000000000001,4,5,9,13
-4.025000000000013,3,7,10,11
-3.5050000000000026,2,6,11,12
-4.420000000000009,4,5,7,15
-4.134999999999991,5,6,7,13
-3.8299999999999947,2,5,10,14
-4.735000000000003,16,4,5,6
-4.960000000000001,1,6,11,13
-3.934999999999995,4,6,8,13
-5.354999999999986,4,6,9,12
-5.824999999999996,2,6,9,14
-3.5,2,5,9,15
-4.23,2,6,10,13
-7.365000000000002,3,5,9,14
-4.519999999999996,1,9,10,11
-3.995000000000001,4,6,7,14
-2.344999999999999,1,7,8,15
-5.080000000000005,16,1,4,10
-5.844999999999999,1,5,11,14
-2.5699999999999896,1,7,10,13
-3.4250000000000007,1,4,11,15
-5.235000000000003,2,7,10,12
-5.304999999999993,1,7,11,12
-3.8799999999999955,2,4,12,13
-4.535,16,3,5,7
-5.769999999999996,16,2,3,10
-3.934999999999995,2,7,9,13
-4.644999999999996,2,4,10,15
-3.9350000000000023,4,7,8,12
-4.909999999999997,6,7,9,10
-7.065000000000001,5,8,9,10
-4.100000000000001,1,7,11,13
-4.234999999999996,1,4,13,14
-6.615000000000002,1,9,10,12
-2.2549999999999883,6,7,8,11
-5.555,4,6,10,12
-4.535,5,6,8,13
-4.179999999999996,1,4,12,15
-5.2549999999999955,16,1,6,9
-3.4300000000000033,1,5,11,15
-4.895000000000007,3,5,11,13
-4.254999999999999,3,5,10,14
-4.055000000000003,1,6,10,15
-3.9299999999999997,2,7,11,12
-4.355,4,5,10,13
-5.8750000000000036,16,1,3,12
-2.0749999999999993,1,6,12,13
-5.415000000000006,4,7,8,13
-3.8899999999999864,4,6,8,14
-5.090000000000007,16,3,6,7
-5.3450000000000095,1,8,10,13
-2.3149999999999977,1,7,9,15
-2.9700000000000024,4,5,8,15
-3.995000000000001,16,1,2,13
-4.170000000000002,5,7,9,11
-3.450000000000003,3,6,11,12
-4.494999999999997,2,7,9,14
-6.835000000000008,5,7,8,12
-4.219999999999999,2,8,10,12
-3.6250000000000036,2,7,10,13
-3.7649999999999935,2,6,11,13
-5.004999999999992,16,1,4,11
-3.8499999999999908,2,5,12,13
-3.9700000000000024,3,4,10,15
-6.884999999999991,1,6,11,14
-3.8100000000000094,3,7,8,14
-3.8549999999999898,4,8,9,11
-5.279999999999992,16,2,4,10
-4.450000000000003,2,3,13,14
-6.594999999999992,5,6,9,12
-3.6800000000000033,3,4,11,14
-3.8049999999999997,1,3,13,15
-3.7699999999999925,2,4,12,14
-6.7749999999999915,5,6,10,11
-3.894999999999996,4,7,10,11
-5.525000000000013,3,8,10,11
-5.679999999999993,3,7,10,12
-3.914999999999999,2,6,9,15
-5.679999999999996,16,1,5,10
-2.7800000000000047,2,4,11,15
-4.700000000000003,4,6,7,15
-3.4899999999999984,3,5,9,15
-4.8899999999999935,16,2,6,8
-3.6500000000000057,2,8,9,13
-3.5649999999999977,4,5,9,14
-5.220000000000006,3,8,9,12
-5.164999999999996,4,6,9,13
-4.514999999999997,3,4,12,13
-6.854999999999997,3,6,9,14
-5.084999999999997,2,6,10,14
-5.494999999999994,1,7,10,14
-4.380000000000006,2,3,12,15
-3.5799999999999983,3,7,9,13
-4.439999999999998,16,1,7,8
-4.265000000000004,16,2,5,9
-4.044999999999998,4,5,11,12
-4.309999999999995,1,2,14,15
-7.214999999999993,1,5,12,14
-3.7800000000000047,2,7,8,15
-4.779999999999994,4,7,9,12
-3.5099999999999874,2,9,10,11
-3.920000000000009,16,4,5,7
-4.534999999999997,2,5,10,15
-5.4099999999999895,5,6,7,14
-3.645000000000003,2,5,11,14
-4.0900000000000105,3,6,8,15
-5.420000000000002,1,8,11,12
-5.760000000000009,16,3,4,9
-4.314999999999998,16,2,3,11
-5.835000000000001,1,8,9,14
-5.425000000000004,16,3,5,8
-3.2650000000000006,3,6,10,13
-5.109999999999992,5,7,9,12
-6.564999999999991,6,8,9,10
-0.29000000000001336,6,7,9,11
-6.044999999999995,5,8,9,11
-3.194999999999993,2,8,11,12
-5.4099999999999895,1,7,11,14
-8.025000000000006,5,7,8,13
-0.15000000000000568,3,7,8,15
-4.809999999999999,16,1,2,14
-4.3799999999999955,16,2,7,8
-5.850000000000001,3,8,10,12
-1.8899999999999935,1,7,12,13
-3.3349999999999866,4,7,8,14
-5.5000000000000036,16,1,6,10
-6.699999999999996,5,7,10,11
-5.740000000000002,1,9,11,12
-8.694999999999993,1,6,12,14
-5.349999999999994,16,1,4,12
-4.605,3,8,9,13
-4.274999999999999,2,8,10,13
-7.130000000000003,16,3,5,9
-3.719999999999999,3,7,11,12
-4.415000000000006,3,7,9,14
-4.355000000000004,3,6,10,14
-4.590000000000003,2,6,10,15
-5.775000000000002,4,7,10,12
-4.364999999999991,4,8,10,11
-5.925000000000004,16,3,4,10
-4.109999999999999,2,7,11,13
-4.114999999999995,1,3,14,15
-6.050000000000004,16,3,6,8
-3.9050000000000047,3,4,11,15
-5.70999999999999,16,2,6,9
-5.665000000000003,16,2,3,12
-3.5999999999999943,4,6,8,15
-4.239999999999995,4,6,10,13
-2.575000000000003,3,6,11,13
-2.439999999999994,5,6,7,15
-5.5549999999999855,4,6,9,14
-4.169999999999995,2,4,12,15
-3.70000000000001,1,8,9,15
-3.7599999999999945,1,5,12,15
-3.115000000000002,3,9,10,11
-2.1199999999999974,1,7,10,15
-4.459999999999999,16,2,5,10
-3.7549999999999955,2,6,12,13
-4.530000000000008,2,8,9,14
-4.829999999999991,6,7,8,12
-4.615000000000002,4,6,11,12
-5.3650000000000055,2,3,13,15
-6.559999999999992,5,6,8,14
-3.044999999999998,4,5,9,15
-2.580000000000002,3,5,10,15
-3.719999999999999,2,7,9,15
-5.930000000000007,1,8,10,14
-6.024999999999995,1,5,13,14
-5.0000000000000036,16,4,6,7
-5.489999999999995,1,6,11,15
-4.234999999999996,2,7,10,14
-5.494999999999997,5,6,9,13
-5.885000000000002,1,4,13,15
-4.369999999999994,3,5,12,13
-6.664999999999981,5,6,10,12
-5.640000000000001,1,8,11,13
-1.9600000000000009,3,6,9,15
-4.224999999999987,2,6,11,14
-3.97499999999998,16,1,7,9
-5.420000000000002,4,5,11,13
-5.330000000000016,3,5,11,14
-3.9400000000000013,2,5,12,14
-6.010000000000005,4,7,9,13
-4.354999999999997,4,5,10,14
-3.66,16,1,5,11
-3.7549999999999955,3,4,12,14
-3.515000000000004,16,1,3,13
-3.4999999999999964,16,2,4,11
-4.080000000000009,1,9,10,13
-3.724999999999998,16,4,5,8
-4.139999999999997,2,4,13,14
-3.020000000000003,2,5,11,15
-3.4100000000000037,3,7,10,13
-3.024999999999988,4,8,9,12
-4.739999999999995,2,9,10,12
-5.939999999999998,5,8,9,12
-3.930000000000014,6,8,9,11
-5.740000000000016,7,8,9,10
-4.094999999999995,2,8,10,14
-5.424999999999994,1,6,13,14
-6.265000000000001,3,8,9,14
-5.950000000000006,3,6,11,14
-6.114999999999998,3,5,12,14
-5.074999999999999,1,8,11,14
-3.6799999999999997,4,8,9,13
-4.115000000000002,3,7,10,14
-5.045000000000002,2,5,13,14
-4.405000000000001,16,4,5,9
-3.8099999999999916,1,7,11,15
-3.4799999999999933,2,7,11,14
-4.534999999999993,16,2,7,9
-5.890000000000001,2,6,12,14
-6.399999999999999,5,7,8,14
-4.475000000000001,1,9,11,13
-2.59,3,6,12,13
-4.1000000000000085,1,8,10,15
-4.420000000000005,16,2,6,10
-3.3999999999999986,16,5,6,7
-5.865000000000002,16,3,6,9
-3.0300000000000047,2,6,11,15
-4.364999999999995,3,4,13,14
-3.679999999999989,4,6,9,15
-4.160000000000004,2,3,14,15
-4.360000000000003,4,5,10,15
-5.374999999999993,5,6,10,13
-3.0749999999999886,2,9,11,12
-6.464999999999982,1,7,12,14
-4.305000000000007,2,7,10,15
-5.909999999999997,1,10,11,12
-3.8399999999999963,4,7,11,12
-3.5949999999999953,1,5,13,15
-2.3100000000000023,3,6,10,15
-5.454999999999998,2,4,13,15
-3.7649999999999935,4,7,9,14
-3.349999999999998,5,6,8,15
-3.8799999999999955,2,9,10,13
-4.34,16,1,8,9
-5.300000000000001,16,2,4,12
-4.220000000000002,16,1,7,10
-3.2500000000000036,2,8,9,15
-3.6600000000000072,3,4,12,15
-7.045000000000009,1,9,10,14
0.04999999999999716,3,7,9,15
-5.864999999999991,16,2,3,13
-3.0449999999999946,1,8,12,13
-4.755000000000017,3,8,11,12
-3.2149999999999963,6,7,10,11
-4.709999999999987,5,6,11,12
-6.374999999999989,1,6,12,15
-6.105,16,1,3,14
-6.8600000000000065,3,9,10,12
-4.909999999999997,16,4,6,8
-5.834999999999997,16,1,5,12
-5.829999999999998,16,3,5,10
-4.859999999999992,6,7,8,13
-3.4399999999999977,4,7,8,15
-4.454999999999998,1,4,14,15
-4.629999999999999,16,1,4,13
-3.6750000000000007,16,1,2,15
-2.805000000000007,3,5,11,15
-8.405000000000001,5,8,10,11
-4.644999999999996,2,8,11,13
-3.740000000000002,2,7,12,13
-4.63999999999999,16,1,6,11
-5.1200000000000045,5,7,9,13
-4.4199999999999875,4,6,11,13
-4.444999999999993,2,5,12,15
-3.8649999999999807,4,9,10,11
-1.4500000000000028,6,7,9,12
-7.064999999999991,5,7,10,12
-4.079999999999995,4,8,10,12
-3.75,3,7,11,13
-3.0549999999999997,16,2,5,11
-4.639999999999997,4,7,10,13
-5.140000000000008,3,8,10,13
-4.734999999999996,4,6,10,14
-4.024999999999995,4,5,12,13
-6.814999999999991,5,6,9,14
-4.910000000000011,16,3,7,8
-5.094999999999999,16,3,4,11
-3.7399999999999984,4,5,11,14
-0.5400000000000205,7,8,9,11
-5.36999999999999,6,8,10,11
-5.494999999999997,5,9,10,11
-5.819999999999993,6,8,9,12
-6.279999999999998,6,7,10,12
-3.3549999999999898,4,8,9,14
-6.355,16,3,6,10
-3.2150000000000105,2,7,11,15
-3.3049999999999997,2,8,11,14
-6.234999999999992,1,9,11,14
-4.6250000000000036,2,6,12,15
-2.8950000000000067,3,5,12,15
-4.884999999999987,2,9,10,14
-3.9550000000000054,4,6,12,13
-4.804999999999993,6,7,8,14
-4.374999999999993,4,6,11,14
-4.2699999999999925,2,4,14,15
-4.214999999999996,2,10,11,12
-4.484999999999992,5,6,11,13
-2.9849999999999923,3,7,12,13
-5.414999999999996,16,2,3,14
-4.884999999999998,4,7,11,13
-5.76,16,4,5,10
-4.245000000000008,16,1,8,10
-4.579999999999984,2,7,12,14
-6.210000000000001,16,4,6,9
-3.0749999999999886,2,9,11,13
-5.574999999999999,5,8,10,12
-6.059999999999995,5,7,10,13
-3.985000000000003,16,2,7,10
-4.255000000000003,16,3,5,11
-3.04999999999999,5,7,8,15
-6.614999999999988,5,6,10,14
-3.4249999999999936,4,7,10,14
-3.38999999999999,4,5,12,14
-5.334999999999997,16,2,8,9
-4.055000000000003,4,6,10,15
-7.175000000000004,3,5,13,14
-3.254999999999992,4,8,10,13
-3.6799999999999855,1,7,12,15
-3.640000000000004,3,7,11,14
-2.9400000000000013,4,5,11,15
-5.659999999999997,1,6,13,15
-4.534999999999997,2,8,10,15
-3.5749999999999993,1,5,14,15
-2.6649999999999956,5,6,9,15
-3.5749999999999993,2,8,12,13
-2.9749999999999943,3,9,11,12
-5.289999999999999,1,8,12,14
-5.484999999999999,3,4,13,15
-3.2550000000000026,16,1,3,15
-4.814999999999994,2,6,13,14
-5.029999999999998,4,9,10,12
-4.894999999999996,5,7,9,14
-4.600000000000001,16,1,5,13
-5.48,16,1,4,14
-7.125000000000007,5,8,9,13
-6.5249999999999915,16,1,6,12
-4.595000000000002,2,5,13,15
-4.625,3,8,10,14
-4.069999999999993,1,7,13,14
-5.494999999999994,16,2,4,13
-3.275000000000013,3,8,9,15
-5.315000000000008,16,3,4,12
-5.3550000000000075,1,10,11,13
-4.2050000000000125,5,7,11,12
-4.194999999999993,16,2,6,11
-3.639999999999997,16,4,7,8
-3.1999999999999886,16,1,7,11
-0.9400000000000048,3,7,10,15
-2.9750000000000085,3,6,11,15
-3.0750000000000064,1,9,10,15
-5.02,3,9,10,13
-3.299999999999997,1,8,11,15
-4.59,16,2,5,12
-7.789999999999996,3,6,12,14
-2.8399999999999963,4,8,11,12
-2.1599999999999966,6,7,9,13
-4.765000000000015,3,8,11,13
-4.214999999999996,16,5,6,8
-3.6999999999999886,1,9,12,13
-3.905000000000001,16,3,7,9
-3.54999999999999,4,7,9,15
-6.339999999999989,6,8,10,12
-5.725000000000001,7,8,10,11
-1.039999999999992,6,7,8,15
-4.7749999999999915,16,1,7,12
-4.614999999999998,16,4,7,9
-6.334999999999994,5,7,10,14
-4.504999999999999,16,2,3,15
-4.274999999999984,2,7,13,14
-5.839999999999996,6,9,10,11
-5.444999999999993,7,8,9,12
-4.074999999999999,4,9,10,13
-4.905000000000001,16,5,7,8
-5.465000000000007,16,3,7,10
-6.3500000000000085,1,8,13,14
-3.979999999999997,2,9,10,15
-7.210000000000001,5,9,10,12
-1.5050000000000097,6,7,11,12
-2.884999999999991,3,9,11,13
-4.49499999999999,4,7,12,13
-2.924999999999997,16,2,7,11
-3.1349999999999945,5,6,10,15
-3.684999999999995,4,5,12,15
-2.4549999999999983,16,1,8,11
-4.809999999999988,6,7,9,14
-5.27,4,5,13,14
-6.679999999999989,1,6,14,15
-6.640000000000001,16,3,5,12
-2.3599999999999923,5,7,9,15
-3.490000000000002,3,4,14,15
-3.6699999999999946,5,6,12,13
-3.179999999999996,4,7,11,14
-0.605000000000004,3,7,11,15
-5.425000000000004,3,7,12,14
-4.7649999999999935,16,2,5,13
-4.339999999999996,16,1,6,13
-9.570000000000007,1,9,12,14
-8.004999999999995,5,8,9,14
-5.559999999999999,16,4,6,10
-5.164999999999996,2,6,13,15
-4.574999999999996,16,2,4,14
-2.320000000000004,4,8,9,15
-4.5199999999999925,16,4,5,11
-3.865000000000002,4,7,10,15
-4.334999999999994,4,8,11,13
-5.520000000000003,16,2,6,12
-4.844999999999992,16,3,4,13
-3.42499999999999,1,10,12,13
-5.8899999999999935,5,6,11,14
-3.650000000000013,3,6,12,15
-5.975000000000001,16,1,5,14
-5.615000000000009,16,3,8,9
-4.0199999999999925,4,6,11,15
-5.550000000000004,5,8,11,12
-6.750000000000011,3,6,13,14
-4.060000000000002,1,8,12,15
-6.149999999999999,5,7,11,13
-4.075000000000017,6,7,10,13
-2.914999999999999,1,7,13,15
-4.469999999999999,1,10,11,14
-3.544999999999998,2,8,11,15
-6.650000000000002,5,8,10,13
-4.015000000000001,4,9,11,12
-2.3400000000000034,2,9,12,13
-4.104999999999993,2,8,12,14
-4.705000000000009,3,5,13,15
-3.815000000000012,3,8,10,15
-4.354999999999997,3,10,11,12
-6.155000000000001,6,8,9,13
-5.73500000000001,16,1,9,10
-4.960000000000008,2,7,12,15
-6.6000000000000085,3,9,10,14
-5.460000000000008,3,8,11,14
-4.594999999999999,16,1,4,15
-5.009999999999998,4,6,12,14
-5.465000000000007,16,3,6,11
-3.749999999999986,2,10,11,13
-3.6650000000000063,3,8,12,13
-5.699999999999992,16,5,6,9
-4.585000000000001,16,2,8,10
-3.3649999999999984,2,5,14,15
-3.8649999999999842,4,8,10,14
-3.0449999999999946,1,9,11,15
-3.4699999999999847,2,9,11,14
-6.755000000000003,5,9,10,13
-3.5799999999999983,7,9,10,11
-6.130000000000003,7,8,10,12
-4.279999999999998,16,4,7,10
-4.969999999999999,16,3,4,14
-5.144999999999996,16,2,6,13
-4.044999999999995,16,5,7,9
-3.7099999999999866,4,7,12,14
-2.9549999999999876,5,7,10,15
-3.5650000000000013,4,8,10,15
-3.5600000000000023,4,7,11,15
-2.4450000000000074,3,10,11,13
-4.399999999999988,4,9,10,14
-9.32,6,9,10,12
-4.305,4,6,12,15
0.5850000000000009,6,7,9,15
-4.73,16,1,8,12
-6.015000000000001,3,9,11,14
-4.445000000000007,2,9,12,14
-6.954999999999998,1,10,12,14
-2.7449999999999974,16,1,7,13
-5.285000000000011,6,8,11,12
-4.859999999999999,2,8,13,14
-5.314999999999994,16,5,6,10
-7.025000000000006,16,3,6,12
-7.004999999999988,16,1,6,14
-5.469999999999999,16,2,9,10
-4.8200000000000145,3,8,12,14
-4.9999999999999964,16,4,6,11
-5.195,1,8,13,15
-4.795000000000002,16,2,7,12
-5.189999999999991,5,7,11,14
-6.864999999999988,5,6,12,14
-3.4749999999999908,2,10,11,14
-2.9849999999999923,4,8,12,13
-3.8700000000000117,1,11,12,13
-3.489999999999995,16,2,8,11
-5.1250000000000036,16,3,8,10
-5.819999999999993,16,3,5,13
-5.34,4,5,13,15
-4.380000000000003,16,6,7,8
-5.419999999999995,5,9,11,12
-4.559999999999992,4,6,13,14
-3.819999999999993,1,10,11,15
-7.779999999999994,5,8,11,13
-4.309999999999995,3,9,12,13
-4.849999999999994,2,6,14,15
-4.799999999999997,4,10,11,12
-6.165000000000013,7,8,9,13
-6.039999999999996,6,8,10,13
-5.395000000000017,2,7,13,15
-3.495000000000001,5,8,9,15
-4.594999999999985,1,9,12,15
-3.8200000000000003,2,8,12,15
-2.869999999999994,4,8,11,14
-4.030000000000001,5,7,12,13
-3.6800000000000104,3,8,11,15
-0.7649999999999935,3,7,12,15
-6.195000000000007,6,8,9,14
-7.565000000000005,5,8,10,14
-5.410000000000004,3,7,13,14
-2.1400000000000006,16,1,5,15
-3.1600000000000072,3,5,14,15
-4.444999999999997,16,4,8,9
-2.010000000000005,3,9,10,15
-2.795000000000009,2,9,11,15
-4.929999999999996,6,7,10,14
-4.439999999999998,4,9,11,13
-6.6599999999999895,1,9,13,14
-3.2849999999999966,2,10,12,13
-5.310000000000006,3,6,13,15
-4.439999999999998,16,4,5,12
-3.1949999999999967,5,6,11,15
-3.7749999999999915,16,2,4,15
-3.7099999999999866,1,7,14,15
-3.4450000000000003,16,1,9,11
-4.135000000000002,16,2,5,14
-3.2050000000000054,16,3,7,11
-2.0649999999999906,6,7,11,13
-8.64500000000001,6,9,10,13
-3.6400000000000077,7,8,11,12
-7.419999999999995,8,9,10,11
-7.334999999999994,7,9,10,12
-5.540000000000006,16,3,7,12
-5.649999999999995,16,2,6,14
-4.619999999999983,1,8,14,15
-0.6400000000000077,6,7,10,15
-5.63999999999999,16,5,7,10
-2.974999999999998,16,2,5,15
-3.4599999999999937,2,9,12,15
-9.245000000000005,5,9,10,14
-3.5950000000000024,16,4,7,11
-7.230000000000004,3,8,13,14
-2.069999999999993,6,7,12,13
-4.98,5,8,12,13
-4.1399999999999935,4,7,13,14
-4.140000000000001,2,10,11,15
-4.950000000000006,3,6,14,15
-6.70000000000001,1,11,12,14
-2.9350000000000094,3,7,13,15
-4.29999999999999,4,7,12,15
-3.314999999999987,16,5,6,11
-4.525000000000006,2,9,13,14
-3.319999999999993,6,8,9,15
-3.010000000000012,6,9,11,12
-4.405000000000001,16,2,7,13
-3.344999999999999,16,1,8,13
-5.060000000000002,16,6,7,9
-2.9849999999999994,2,11,12,13
-6.835000000000001,6,7,11,14
-4.419999999999998,16,5,8,9
-4.590000000000003,16,3,4,15
-3.8349999999999866,4,9,11,14
-2.3199999999999967,5,7,11,15
-4.464999999999982,5,10,11,12
-5.854999999999997,16,4,6,12
-6.194999999999997,4,6,13,15
-2.6400000000000006,3,10,11,14
-4.109999999999999,5,8,10,15
-2.7249999999999943,4,9,10,15
-2.5000000000000036,4,5,14,15
-7.030000000000015,7,8,10,13
-3.3249999999999957,4,9,12,13
-4.0649999999999835,16,2,9,11
-6.484999999999992,16,1,9,12
-5.765000000000001,5,7,12,14
-5.519999999999996,1,10,13,14
-6.749999999999993,5,6,13,14
-5.1399999999999935,1,9,13,15
-6.195000000000011,16,3,9,10
-4.769999999999989,2,10,12,14
-5.819999999999993,6,8,10,14
-4.285,2,7,14,15
-7.669999999999991,5,8,11,14
-3.9299999999999926,4,10,11,13
-1.9700000000000202,7,8,9,14
-4.130000000000017,3,8,12,15
-3.6449999999999925,5,6,12,15
-4.244999999999987,16,1,6,15
-5.674999999999994,16,3,6,13
-4.944999999999993,16,1,7,14
-5.375000000000007,2,8,13,15
-4.450000000000003,16,2,8,12
-4.560000000000002,3,10,12,13
-4.775000000000002,16,4,5,13
-3.9000000000000092,16,3,8,11
-9.140000000000008,3,9,12,14
-4.7749999999999915,16,4,8,10
-4.200000000000006,16,1,10,11
-2.794999999999998,4,8,11,15
-2.6950000000000074,6,8,11,13
-0.8200000000000074,3,9,11,15
-2.1699999999999946,4,8,12,14
-4.184999999999995,1,10,12,15
-6.739999999999998,16,3,5,14
-7.214999999999989,5,9,11,13
-5.905000000000001,6,10,11,12
-1.2950000000000017,7,9,11,12
-5.720000000000006,8,9,10,12
-7.574999999999996,6,8,11,14
-0.7049999999999983,3,7,14,15
-7.104999999999997,7,8,10,14
-4.009999999999991,4,8,13,14
-4.239999999999988,2,10,13,14
-1.460000000000015,7,8,9,15
-7.310000000000009,7,9,10,13
-3.0050000000000026,4,9,11,15
-6.944999999999993,1,11,13,14
-2.775000000000002,3,10,11,15
-4.964999999999996,16,3,7,13
-3.9150000000000027,16,4,5,14
-6.7250000000000085,7,8,11,13
-7.0049999999999955,5,7,13,14
-1.8799999999999883,5,9,10,15
-3.519999999999996,16,3,9,11
-4.6299999999999955,6,7,12,14
-5.014999999999983,16,5,6,12
-6.20000000000001,4,7,13,15
-8.100000000000001,16,3,6,14
-2.8699999999999832,6,9,11,13
-4.309999999999995,4,10,12,13
-6.3600000000000065,3,10,12,14
-2.364999999999995,6,7,11,15
-4.920000000000002,2,9,13,15
-7.410000000000011,3,9,13,14
-6.089999999999996,5,9,11,14
-2.6199999999999974,3,9,12,15
-2.2749999999999915,16,5,7,11
-4.529999999999998,16,1,8,14
-6.575000000000003,1,9,14,15
-5.170000000000009,16,6,8,9
-5.33499999999999,16,4,6,13
-4.450000000000003,16,4,7,12
-2.5650000000000013,4,8,12,15
-5.849999999999991,5,10,11,13
-3.634999999999991,6,8,12,13
-6.425000000000004,5,8,12,14
-3.5399999999999956,16,4,8,11
-2.5400000000000027,6,8,10,15
-6.3100000000000165,3,8,13,15
-6.170000000000012,16,3,8,12
-4.074999999999996,1,10,13,15
-5.064999999999998,16,2,9,12
-3.564999999999994,16,2,7,14
-5.789999999999999,5,9,12,13
-4.60499999999999,4,9,12,14
-4.814999999999991,2,10,12,15
-2.9599999999999937,16,2,10,11
-5.645000000000003,16,6,7,10
-1.2999999999999972,3,11,12,13
-10.21,6,9,10,14
-4.065000000000005,2,8,14,15
-3.849999999999998,4,6,14,15
-4.98,16,2,8,13
-2.715,5,8,11,15
-6.419999999999995,1,11,12,15
-3.700000000000003,16,1,9,13
-5.264999999999997,16,4,9,10
-2.2199999999999847,16,1,7,15
-3.1049999999999827,4,10,11,14
-2.999999999999993,2,11,12,14
-6.150000000000002,16,1,10,12
-3.844999999999999,16,3,5,15
-2.2649999999999935,5,7,12,15
-5.044999999999995,16,5,8,10
-4.079999999999998,16,2,6,15
-4.609999999999996,5,6,13,15
-8.280000000000008,8,9,10,13
-3.8899999999999935,8,9,11,12
-3.499999999999993,4,10,11,15
-4.999999999999989,16,4,9,11
-3.314999999999994,16,5,8,11
-8.175000000000011,16,1,9,14
-2.5200000000000102,7,8,10,15
-4.875,16,2,9,13
-3.984999999999996,5,6,14,15
-3.0450000000000017,16,4,5,15
-4.8650000000000055,16,3,6,15
-6.140000000000008,7,9,10,14
-5.359999999999989,4,10,12,14
-3.350000000000005,16,1,10,13
-5.019999999999989,4,9,13,14
-4.035000000000018,16,7,8,9
-3.4399999999999977,16,2,7,15
-6.119999999999997,4,8,13,15
-5.424999999999997,7,10,11,12
-3.2050000000000054,7,9,11,13
-5.844999999999992,5,10,11,14
-5.249999999999986,1,12,13,14
-3.7650000000000006,1,10,14,15
-7.6200000000000045,6,9,11,14
-2.460000000000008,5,8,12,15
-3.6100000000000065,3,10,12,15
-4.605000000000004,16,3,8,13
-8.885000000000005,5,8,13,14
-4.405000000000001,3,8,14,15
-2.8999999999999986,6,10,11,13
-6.009999999999998,7,8,12,13
-4.1599999999999895,6,9,12,13
-6.109999999999999,16,3,9,12
-5.130000000000003,5,7,13,15
-5.7649999999999935,2,10,13,15
-3.8249999999999957,16,5,6,13
-3.835000000000001,16,4,7,13
-4.630000000000006,16,2,10,12
-4.454999999999995,5,10,12,13
-2.519999999999996,4,9,12,15
-5.134999999999998,3,9,13,15
-4.800000000000001,3,10,13,14
-0.6049999999999969,5,9,11,15
-4.0,2,11,12,15
-5.949999999999999,16,5,9,10
-3.7349999999999994,16,4,8,12
-4.384999999999998,4,11,12,13
-4.720000000000006,16,3,7,14
-3.0400000000000063,16,6,7,11
-4.415000000000003,16,3,10,11
-4.469999999999999,6,7,13,14
-4.185000000000009,16,1,11,12
-5.575000000000003,16,4,6,14
-3.1849999999999987,4,7,14,15
-4.179999999999993,16,6,8,10
-4.3849999999999945,16,2,8,14
-3.7349999999999994,2,11,13,14
-1.6700000000000088,7,8,11,14
-6.699999999999996,6,8,12,14
-5.190000000000012,3,11,12,14
-3.2650000000000006,6,8,11,15
-2.125000000000007,6,9,10,15
-4.345000000000006,2,9,14,15
-9.544999999999995,5,9,12,14
-2.095000000000006,6,7,12,15
-5.589999999999996,1,11,13,15
-3.7349999999999994,16,5,7,12
-1.9399999999999906,16,1,8,15
-7.1299999999999955,8,10,11,12
-6.349999999999987,8,9,11,13
-4.764999999999979,1,12,13,15
-3.4450000000000003,16,2,8,15
-3.7499999999999893,16,4,8,13
-2.865000000000002,16,4,7,14
-5.044999999999991,16,2,9,14
-5.494999999999997,7,8,12,14
-5.765000000000001,16,7,8,10
-3.854999999999997,7,10,11,13
-3.2549999999999955,4,11,12,14
-3.964999999999989,16,4,10,11
-3.6799999999999926,7,9,12,13
-6.175000000000004,5,10,12,14
-5.210000000000004,16,3,8,14
-5.850000000000001,4,9,13,15
-3.1199999999999903,16,5,9,11
-3.644999999999996,4,10,13,14
-2.974999999999987,5,10,11,15
-3.715000000000007,3,10,13,15
-5.079999999999998,6,8,12,15
-4.845000000000006,2,11,13,15
-3.4099999999999966,16,2,11,12
-3.5050000000000026,3,11,12,15
-2.900000000000013,7,9,10,15
-1.970000000000006,16,3,7,15
-6.455000000000005,16,1,10,14
-6.350000000000001,3,11,13,14
-6.730000000000004,6,10,12,13
-4.825000000000003,5,11,12,13
-9.030000000000001,8,9,10,14
-3.4550000000000054,2,12,13,14
-0.7450000000000045,6,9,11,15
-2.1799999999999926,5,7,14,15
1.404999999999994,7,8,11,15
-4.709999999999997,2,10,14,15
-5.160000000000007,16,3,9,13
-4.575000000000003,16,6,7,12
-4.699999999999999,16,5,7,13
-5.2099999999999795,1,11,14,15
-3.009999999999998,16,6,8,11
-2.4749999999999943,4,8,14,15
-7.899999999999999,6,8,13,14
-2.6999999999999957,16,1,11,13
-4.164999999999999,4,10,12,15
-5.474999999999991,16,5,8,12
-9.260000000000005,16,6,9,10
-0.7499999999999929,7,9,11,14
-6.810000000000006,16,3,10,12
-1.6299999999999812,5,9,12,15
-5.689999999999998,3,9,14,15
-4.924999999999994,16,4,9,12
-5.434999999999995,16,5,6,14
-4.665000000000003,16,4,6,15
-2.774999999999995,16,1,9,15
-6.300000000000004,5,8,13,15
-6.380000000000003,6,10,11,14
-10.530000000000001,6,9,12,14
-4.219999999999995,16,2,10,13
-9.985,5,9,13,14
-2.9849999999999994,6,7,13,15
-4.325000000000003,7,10,12,13
-4.834999999999994,8,9,12,13
-4.954999999999984,9,10,11,12
-2.469999999999999,16,1,10,15
-4.234999999999985,16,5,10,11
-3.8049999999999997,16,4,8,14
-4.365000000000009,3,11,13,15
-3.109999999999996,16,4,7,15
-1.5649999999999977,3,10,14,15
0.6899999999999835,7,9,11,15
-1.6300000000000026,6,10,11,15
-5.814999999999998,7,8,13,14
-2.809999999999995,16,7,8,11
-5.145,4,10,13,15
-6.984999999999992,6,9,13,14
-7.055,8,10,11,13
-4.780000000000008,2,12,13,15
-4.739999999999998,16,1,11,14
-5.234999999999996,16,6,8,12
-1.8249999999999957,5,10,12,15
-4.285000000000004,16,6,7,13
-7.400000000000002,5,10,13,14
-2.289999999999992,6,9,12,15
-4.07,16,4,9,13
-4.535000000000004,16,6,9,11
-5.93,16,4,10,12
-1.5449999999999946,6,11,12,13
-3.5549999999999997,8,9,11,14
-3.0349999999999966,8,9,10,15
-5.129999999999988,5,9,13,15
-5.74499999999999,16,5,9,12
-3.629999999999999,16,1,12,13
-6.669999999999995,16,7,9,10
-5.2549999999999955,7,10,11,14
-4.319999999999986,4,11,13,14
-4.354999999999997,16,5,7,14
-4.52000000000001,16,3,11,12
-3.8249999999999886,16,2,11,13
-7.865000000000009,16,3,9,14
-2.0649999999999906,6,7,14,15
-3.105000000000004,5,8,14,15
-6.160000000000011,5,11,12,14
-3.759999999999998,4,11,12,15
-3.945000000000004,2,11,14,15
-3.749999999999993,16,2,9,15
-3.0150000000000006,16,5,6,15
-3.2949999999999875,4,9,14,15
-6.175000000000011,3,12,13,14
-4.434999999999988,16,2,10,14
-6.454999999999998,6,8,13,15
-4.424999999999994,16,3,10,13
-5.604999999999997,7,9,12,14
-9.094999999999999,6,10,12,14
-8.179999999999993,1,12,14,15
-2.375000000000007,16,3,8,15
-3.5899999999999963,7,8,12,15
-4.665000000000003,16,5,8,13
-5.494999999999983,7,10,12,14
-2.8800000000000026,9,10,11,13
-6.684999999999995,4,11,13,15
-1.7800000000000082,7,10,11,15
-5.490000000000002,8,10,12,13
-5.159999999999997,16,6,10,11
-3.644999999999996,3,11,14,15
-5.824999999999989,1,13,14,15
-5.519999999999989,16,5,10,12
-3.894999999999996,6,9,13,15
-2.6450000000000067,16,3,9,15
-0.7999999999999972,16,7,9,11
-5.079999999999998,16,4,9,14
-4.670000000000002,3,12,13,15
-3.2450000000000117,7,11,12,13
-7.759999999999991,8,10,11,14
-1.9499999999999922,16,5,7,15
-2.5749999999999957,16,1,11,15
-5.690000000000012,7,8,13,15
-8.64500000000001,16,6,9,12
-5.255000000000006,16,6,7,14
-7.425000000000001,16,3,10,14
-3.259999999999991,4,10,14,15
-2.8049999999999997,16,3,11,13
-8.465,16,1,12,14
-4.529999999999998,16,5,8,14
-5.694999999999993,6,8,14,15
-4.154999999999994,4,12,13,14
-2.315000000000005,6,10,12,15
-3.5849999999999937,16,6,8,13
-2.6949999999999967,16,4,8,15
-4.395,16,2,12,13
-2.374999999999993,5,11,12,15
-4.955000000000005,16,8,9,10
-4.57,16,4,11,12
-1.339999999999982,7,9,12,15
-3.904999999999987,5,9,14,15
-3.0149999999999935,16,2,11,14
-3.914999999999992,16,4,10,13
-0.7249999999999943,8,9,11,15
-10.150000000000006,8,9,12,14
-7.279999999999994,6,11,12,14
-5.710000000000001,16,5,9,13
-5.185000000000009,7,9,13,14
-8.72999999999999,5,11,13,14
-4.730000000000004,2,12,14,15
-4.469999999999995,16,2,10,15
-6.104999999999997,16,7,8,12
-5.934999999999995,6,10,13,14
-4.439999999999998,5,10,13,15
-4.665000000000006,8,11,12,13
-6.749999999999993,9,10,12,13
-6.194999999999993,9,10,11,14
-5.254999999999988,4,12,13,15
-3.6199999999999903,16,7,10,11
-3.4899999999999984,16,4,9,15
0.02499999999999858,7,8,14,15
-6.049999999999997,6,9,14,15
-2.865000000000002,8,9,12,15
-3.400000000000002,16,3,10,15
-5.605000000000004,8,10,12,14
-3.2249999999999908,16,5,10,13
-2.479999999999997,16,2,11,15
-6.265000000000001,16,6,10,12
-2.7299999999999898,7,11,12,14
-10.615000000000002,8,9,13,14
-2.0400000000000063,7,10,12,15
-1.2349999999999923,5,10,14,15
-3.619999999999994,4,11,14,15
-5.259999999999991,16,4,10,14
-2.9550000000000054,6,10,13,15
-6.394999999999996,7,10,13,14
-2.614999999999995,16,8,9,11
-6.120000000000019,16,7,8,13
-5.675000000000004,16,6,8,14
-5.210000000000001,5,11,13,15
-4.274999999999999,16,6,9,13
-4.699999999999985,16,4,11,13
-5.074999999999996,16,7,9,12
-0.7850000000000001,16,5,8,15
-5.6449999999999925,16,3,12,13
-4.624999999999989,16,1,12,15
-5.390000000000004,16,3,11,14
-5.329999999999991,6,11,13,14
-7.934999999999995,16,5,9,14
-4.864999999999995,16,2,12,14
-5.140000000000008,7,9,13,15
-5.969999999999999,2,13,14,15
-6.924999999999997,5,12,13,14
-5.419999999999995,8,10,11,15
-6.390000000000004,16,1,13,14
-4.024999999999999,6,11,12,15
-5.900000000000006,3,12,14,15
-3.450000000000003,16,6,7,15
-2.624999999999993,16,5,11,12
-3.8800000000000168,8,11,12,14
-1.2899999999999778,9,11,12,13
-9.719999999999999,9,10,12,14
-4.989999999999995,16,2,13,14
-1.5350000000000001,16,6,8,15
-4.20000000000001,16,6,11,12
-2.0849999999999937,6,10,14,15
-4.584999999999994,16,8,9,12
-9.615000000000002,8,10,13,14
-7.100000000000001,3,13,14,15
-3.919999999999991,16,4,11,14
-8.400000000000006,8,9,13,15
-6.474999999999984,16,5,10,14
-4.725000000000016,16,7,9,13
-4.329999999999998,16,7,8,14
-4.999999999999993,7,11,13,14
-4.859999999999985,6,12,13,14
-1.8900000000000077,9,10,11,15
-6.644999999999989,16,7,10,12
-1.394999999999996,16,5,9,15
-3.8999999999999986,16,4,10,15
-3.2950000000000017,6,11,13,15
-3.779999999999987,16,1,13,15
-2.9399999999999977,16,8,10,11
-4.629999999999988,16,4,12,13
-4.219999999999999,16,6,10,13
-3.104999999999997,5,11,14,15
-3.615000000000009,8,10,12,15
-9.055,16,3,12,14
-9.420000000000002,16,6,9,14
-3.8700000000000045,16,3,11,15
-1.1200000000000045,7,9,14,15
-4.239999999999998,16,2,12,15
-3.079999999999991,4,12,14,15
-2.4650000000000176,7,10,13,15
-3.479999999999997,5,12,13,15
-3.794999999999991,16,5,11,13
-1.8500000000000156,7,11,12,15
-10.61999999999999,9,10,13,14
-4.015000000000015,8,11,12,15
-2.8900000000000077,10,11,12,13
-3.700000000000003,16,7,10,13
-7.824999999999996,9,11,12,14
-8.435000000000006,16,3,13,14
-4.984999999999992,16,1,14,15
-5.559999999999995,4,13,14,15
-0.769999999999996,16,7,8,15
-8.879999999999995,8,11,13,14
-5.039999999999978,7,12,13,14
-5.359999999999985,16,4,12,14
-4.565000000000001,16,3,12,15
0.06500000000000483,7,10,14,15
-1.5599999999999952,16,5,10,15
-2.384999999999998,9,10,12,15
-4.190000000000005,16,8,9,13
-7.215000000000003,8,10,13,15
-4.109999999999992,16,5,11,14
-4.689999999999994,16,2,13,15
-3.4450000000000074,16,7,11,12
-2.42499999999999,16,6,11,13
-4.510000000000005,16,7,9,14
-3.9099999999999966,5,12,14,15
-3.719999999999999,16,9,10,11
-3.5199999999999925,16,4,11,15
-4.945,16,8,10,12
-3.9849999999999923,16,5,12,13
-7.844999999999995,16,6,10,14
-1.6600000000000037,16,6,9,15
-5.309999999999995,6,11,14,15
-4.200000000000017,7,11,13,15
-6.765000000000015,8,9,14,15
-5.355000000000011,6,12,13,15
-4.890000000000001,9,10,13,15
-7.720000000000006,8,12,13,14
-5.785000000000004,10,11,12,14
-6.654999999999987,9,11,13,14
-7.659999999999997,16,6,11,14
-4.455000000000005,16,8,10,13
-2.3349999999999937,16,7,11,13
0.2850000000000108,9,11,12,15
-1.5299999999999976,16,5,11,15
-5.015000000000001,16,6,12,13
-0.8849999999999909,16,7,9,15
-6.2849999999999895,8,11,13,15
-5.5,5,13,14,15
-7.154999999999994,16,5,12,14
-3.779999999999994,16,2,14,15
-3.7800000000000082,7,12,13,15
-3.085000000000015,8,10,14,15
-4.899999999999995,16,4,13,14
-3.869999999999994,16,4,12,15
-3.4250000000000043,16,8,11,12
-1.1150000000000055,16,6,10,15
-6.5900000000000105,16,8,9,14
-1.5049999999999955,7,11,14,15
-5.890000000000008,16,9,10,12
-5.789999999999999,6,12,14,15
-6.269999999999996,16,3,13,15
-4.079999999999984,16,7,10,14
-3.3149999999999977,16,9,11,12
-9.074999999999996,9,12,13,14
-5.415000000000006,10,11,13,14
-3.6850000000000023,10,11,12,15
-4.034999999999997,9,11,13,15
-5.2599999999999945,16,3,14,15
-4.6000000000000085,16,7,12,13
-7.005000000000003,8,12,13,15
-4.570000000000007,9,10,14,15
-2.5449999999999946,16,5,12,15
-1.7099999999999937,8,11,14,15
-2.065000000000005,7,12,14,15
-1.8799999999999883,16,7,10,15
-5.289999999999981,16,4,13,15
-4.890000000000008,16,9,10,13
-7.204999999999998,16,6,12,14
-2.0549999999999784,16,8,11,13
-6.169999999999995,6,13,14,15
-4.579999999999998,16,8,10,14
-7.0,16,5,13,14
-2.664999999999992,16,7,11,14
-1.9299999999999926,16,6,11,15
0.5900000000000034,16,8,9,15
-3.7649999999999864,10,11,13,15
-6.6950000000000145,10,12,13,14
-3.924999999999983,9,12,13,15
-2.204999999999991,9,11,14,15
-4.135000000000019,8,12,14,15
-3.7749999999999915,16,5,13,15
-4.905000000000008,16,6,12,15
-3.324999999999992,16,4,14,15
-2.5250000000000057,7,13,14,15
-4.335000000000008,16,10,11,12
-7.849999999999987,16,6,13,14
-2.4000000000000057,16,7,11,15
-1.7950000000000017,16,9,11,13
-4.699999999999996,16,7,12,14
-2.930000000000007,16,8,11,14
0.06499999999999417,16,8,10,15
-5.269999999999996,16,8,12,13
-8.39500000000001,16,9,10,14
-2.2950000000000017,16,10,11,13
-4.07,10,12,13,15
-5.029999999999994,11,12,13,14
-3.7850000000000037,16,7,12,15
-7.309999999999995,16,7,13,14
0.10000000000000497,16,8,11,15
-2.2899999999999956,16,5,14,15
-1.0200000000000031,16,9,10,15
-0.6099999999999994,10,11,14,15
-7.634999999999991,9,12,14,15
-7.494999999999997,16,6,13,15
-9.644999999999996,8,13,14,15
-3.960000000000001,16,9,12,13
-4.674999999999997,16,9,11,14
-5.655000000000008,16,8,12,14
-2.460000000000001,10,12,14,15
-5.2749999999999915,11,12,13,15
-4.284999999999997,16,6,14,15
-11.899999999999999,9,13,14,15
-4.024999999999999,16,10,12,13
-5.309999999999995,16,10,11,14
-3.7250000000000014,16,7,13,15
-11.774999999999999,16,9,12,14
-7.974999999999994,16,8,13,14
1.2849999999999966,16,9,11,15
-2.3400000000000105,16,8,12,15
-3.819999999999986,16,11,12,13
-3.489999999999988,11,12,14,15
-4.2450000000000045,10,13,14,15
-7.219999999999999,16,10,12,14
-10.34000000000001,16,9,13,14
-1.980000000000004,16,10,11,15
-1.6999999999999886,16,9,12,15
-5.425000000000004,16,8,13,15
-1.0499999999999972,16,7,14,15
-7.639999999999986,11,13,14,15
-5.490000000000002,16,11,12,14
-6.910000000000004,16,10,13,14
-2.4749999999999943,16,10,12,15
-4.60499999999999,16,9,13,15
-2.1000000000000085,16,8,14,15
-7.799999999999997,12,13,14,15
-7.405000000000008,16,11,13,14
-2.384999999999984,16,11,12,15
-2.694999999999993,16,10,13,15
-3.5150000000000006,16,9,14,15
-10.244999999999997,16,12,13,14
-5.579999999999991,16,11,13,15
-1.8699999999999903,16,10,14,15
-6.984999999999985,16,12,13,15
-2.904999999999987,16,11,14,15
-5.324999999999989,16,12,14,15
-9.349999999999987,16,13,14,15
